   31.499999760000001        0.0000000000000000     
   31.499999760000001        104.99999520000000     
   41.499999170000002        126.99999810000000     
   41.499999170000002        157.79999490000000     
   43.500000239999999        162.33999729999999     
   57.120001320000000        162.33999729999999     
   61.699998379999997        162.80000210000000     
   104.33000330000000        146.02874520000000     
   104.33000330000000        142.99999480000000     
   131.92000390000001        103.97000310000000     
   133.58000519999999        99.760001899999992     
   148.51000310000001        54.500001669999996     
   148.89999630000000        49.000000950000000     
   156.37999769999999        11.410000180000001     
   157.00000520000000        7.6360002159999993     
   157.36999510000001        3.8261000070000004     
   157.50000480000000        0.0000000000000000     
   157.36999510000001       -3.8261000070000004     
   157.00000520000000       -7.6360002159999993     
   156.37999769999999       -11.410000180000001     
   148.89999630000000       -49.000000950000000     
   148.51000310000001       -54.500001669999996     
   133.58000519999999       -99.760001899999992     
   131.92000390000001       -103.97000310000000     
   104.33000330000000       -142.99999480000000     
   104.33000330000000       -146.02874520000000     
   61.699998379999997       -162.80000210000000     
   57.120001320000000       -162.33999729999999     
   43.500000239999999       -162.33999729999999     
   41.499999170000002       -157.79999490000000     
   41.499999170000002       -126.99999810000000     
   31.499999760000001       -104.99999520000000     
   31.499999760000001        0.0000000000000000     
