                                                   0  65  65
 0.150000000E+01 0.350000000E+01 0.926510000E+00 0.310000000E+00 0.000000000E+00
 0.110824300E+01 0.184585459E-01 0.171082759E+00 0.784123504E-17-0.101400000E+01
 0.200000000E+07 0.171082759E+00 0.000000000E+00 0.110824300E+01 0.000000000E+00
 0.184585459E-01 0.000000000E+00 0.784123504E-17 0.000000000E+00 0.000000000E+00
-0.939481140E+00-0.939481140E+00-0.939481140E+00-0.939481140E+00-0.939481140E+00
-0.939481140E+00-0.939481140E+00-0.939481140E+00-0.939481140E+00-0.939481140E+00
-0.939481140E+00-0.939481140E+00-0.939481140E+00-0.939481140E+00-0.939481140E+00
-0.939481140E+00-0.939481140E+00-0.939481140E+00-0.939481140E+00-0.939481140E+00
-0.939481140E+00-0.939481140E+00-0.939481140E+00-0.939481140E+00-0.939481140E+00
-0.939481140E+00-0.939481140E+00-0.939481140E+00-0.939481140E+00-0.939481140E+00
-0.939481140E+00-0.939481140E+00-0.939481140E+00-0.939481140E+00-0.939481140E+00
-0.939481140E+00-0.939481140E+00-0.939481140E+00-0.939481140E+00-0.939481140E+00
-0.939481140E+00-0.939481140E+00-0.939481140E+00-0.939481140E+00-0.939481140E+00
-0.939481140E+00-0.939481140E+00-0.939481140E+00-0.939481140E+00-0.939481140E+00
-0.939481140E+00-0.939481140E+00-0.939481140E+00-0.939481140E+00-0.939481140E+00
-0.939481140E+00-0.939481140E+00-0.939481140E+00-0.939481140E+00-0.939481140E+00
-0.939481140E+00-0.939481140E+00-0.939481140E+00-0.939481140E+00-0.939481140E+00
 0.000000000E+00 0.000000000E+00 0.000000000E+00 0.000000000E+00 0.000000000E+00
 0.000000000E+00 0.000000000E+00 0.000000000E+00 0.000000000E+00 0.000000000E+00
 0.000000000E+00 0.000000000E+00 0.000000000E+00 0.000000000E+00 0.000000000E+00
 0.000000000E+00 0.000000000E+00 0.000000000E+00 0.000000000E+00 0.000000000E+00
 0.000000000E+00 0.000000000E+00 0.000000000E+00 0.000000000E+00 0.000000000E+00
 0.000000000E+00 0.000000000E+00 0.000000000E+00 0.000000000E+00 0.000000000E+00
 0.000000000E+00 0.000000000E+00 0.000000000E+00 0.000000000E+00 0.000000000E+00
 0.000000000E+00 0.000000000E+00 0.000000000E+00 0.000000000E+00 0.000000000E+00
 0.000000000E+00 0.000000000E+00 0.000000000E+00 0.000000000E+00 0.000000000E+00
 0.000000000E+00 0.000000000E+00 0.000000000E+00 0.000000000E+00 0.000000000E+00
 0.000000000E+00 0.000000000E+00 0.000000000E+00 0.000000000E+00 0.000000000E+00
 0.000000000E+00 0.000000000E+00 0.000000000E+00 0.000000000E+00 0.000000000E+00
 0.000000000E+00 0.000000000E+00 0.000000000E+00 0.000000000E+00 0.000000000E+00
 0.000000000E+00 0.000000000E+00 0.000000000E+00 0.000000000E+00 0.000000000E+00
 0.000000000E+00 0.000000000E+00 0.000000000E+00 0.000000000E+00 0.000000000E+00
 0.000000000E+00 0.000000000E+00 0.000000000E+00 0.000000000E+00 0.000000000E+00
 0.000000000E+00 0.000000000E+00 0.000000000E+00 0.000000000E+00 0.000000000E+00
 0.000000000E+00 0.000000000E+00 0.000000000E+00 0.000000000E+00 0.000000000E+00
 0.000000000E+00 0.000000000E+00 0.000000000E+00 0.000000000E+00 0.000000000E+00
 0.000000000E+00 0.000000000E+00 0.000000000E+00 0.000000000E+00 0.000000000E+00
 0.000000000E+00 0.000000000E+00 0.000000000E+00 0.000000000E+00 0.000000000E+00
 0.000000000E+00 0.000000000E+00 0.000000000E+00 0.000000000E+00 0.000000000E+00
 0.000000000E+00 0.000000000E+00 0.000000000E+00 0.000000000E+00 0.000000000E+00
 0.000000000E+00 0.000000000E+00 0.000000000E+00 0.000000000E+00 0.000000000E+00
 0.000000000E+00 0.000000000E+00 0.000000000E+00 0.000000000E+00 0.000000000E+00
 0.000000000E+00 0.000000000E+00 0.000000000E+00 0.000000000E+00 0.000000000E+00
 0.000000000E+00 0.000000000E+00 0.000000000E+00 0.000000000E+00 0.000000000E+00
 0.000000000E+00 0.000000000E+00 0.000000000E+00 0.000000000E+00 0.000000000E+00
 0.000000000E+00 0.000000000E+00 0.000000000E+00 0.000000000E+00 0.000000000E+00
 0.000000000E+00 0.000000000E+00 0.000000000E+00 0.000000000E+00 0.000000000E+00
 0.000000000E+00 0.000000000E+00 0.000000000E+00 0.000000000E+00 0.000000000E+00
 0.000000000E+00 0.000000000E+00 0.000000000E+00 0.000000000E+00 0.000000000E+00
 0.000000000E+00 0.000000000E+00 0.000000000E+00 0.000000000E+00 0.000000000E+00
 0.000000000E+00 0.000000000E+00 0.000000000E+00 0.000000000E+00 0.000000000E+00
 0.000000000E+00 0.000000000E+00 0.000000000E+00 0.000000000E+00 0.000000000E+00
 0.000000000E+00 0.000000000E+00 0.000000000E+00 0.000000000E+00 0.000000000E+00
 0.000000000E+00 0.000000000E+00 0.000000000E+00 0.000000000E+00 0.000000000E+00
 0.000000000E+00 0.000000000E+00 0.000000000E+00 0.000000000E+00 0.000000000E+00
 0.000000000E+00 0.000000000E+00 0.000000000E+00 0.000000000E+00 0.000000000E+00
 0.494404093E-02 0.331741275E-02 0.196741117E-02 0.899388364E-03 0.111866057E-03
-0.403486294E-03-0.661886771E-03-0.685483007E-03-0.503395910E-03-0.151761295E-03
 0.326233540E-03 0.880320605E-03 0.145313122E-02 0.198018675E-02 0.238990125E-02
 0.260359711E-02 0.253553455E-02 0.209295557E-02 0.117614319E-02-0.321503682E-03
-0.251337910E-02-0.551956242E-02-0.946669366E-02-0.144878315E-01-0.207222939E-01
-0.283154807E-01-0.374186782E-01-0.481888459E-01-0.607883840E-01-0.753848837E-01
-0.921508569E-01-0.111263449E+00-0.132904132E+00-0.157258378E+00-0.184515316E+00
-0.214867364E+00-0.248509850E+00-0.285640609E+00-0.326459559E+00-0.371168265E+00
-0.419969473E+00-0.473066638E+00-0.530663422E+00-0.592963178E+00-0.660168416E+00
-0.732480247E+00-0.810097810E+00-0.893217681E+00-0.982033263E+00-0.107673415E+01
-0.117750551E+01-0.128452736E+01-0.139797394E+01-0.151801302E+01-0.164480510E+01
-0.177850277E+01-0.191924992E+01-0.206718093E+01-0.222241998E+01-0.238508014E+01
-0.255526263E+01-0.273305596E+01-0.291853507E+01-0.311176048E+01-0.331277741E+01
 0.540785447E-02 0.401265510E-02 0.284727752E-02 0.191299539E-02 0.120486212E-02
 0.711695000E-03 0.416047494E-03 0.294176009E-03 0.316005436E-03 0.445096973E-03
 0.638620878E-03 0.847336221E-03 0.101557934E-02 0.108126233E-02 0.975882704E-03
 0.624545165E-03-0.540037651E-04-0.114732754E-02-0.274923727E-02-0.495971477E-02
-0.788482058E-02-0.116365865E-01-0.163328924E-01-0.220973270E-01-0.290590322E-01
-0.373525310E-01-0.471175385E-01-0.584987563E-01-0.716456494E-01-0.867122060E-01
-0.103856680E+00-0.123241317E+00-0.145032059E+00-0.169398239E+00-0.196512248E+00
-0.226549194E+00-0.259686537E+00-0.296103707E+00-0.335981707E+00-0.379502699E+00
-0.426849564E+00-0.478205457E+00-0.533753334E+00-0.593675467E+00-0.658152939E+00
-0.727365123E+00-0.801489146E+00-0.880699330E+00-0.965166621E+00-0.105505800E+01
-0.115053587E+01-0.125175746E+01-0.135887414E+01-0.147203081E+01-0.159136521E+01
-0.171700723E+01-0.184907821E+01-0.198769024E+01-0.213294540E+01-0.228493503E+01
-0.244373898E+01-0.260942480E+01-0.278204698E+01-0.296164614E+01-0.314824822E+01
 0.499023920E-02 0.381936519E-02 0.284275964E-02 0.205839622E-02 0.145855877E-02
 0.102983351E-02 0.753090603E-03 0.603460679E-03 0.550310372E-03 0.557219980E-03
 0.581965702E-03 0.576508355E-03 0.486990129E-03 0.253740621E-03-0.188706819E-03
-0.911587555E-03-0.199186623E-02-0.351218478E-02-0.556079744E-02-0.823149212E-02
-0.116234980E-01-0.158413786E-01-0.209949105E-01-0.271989473E-01-0.345732678E-01
-0.432424098E-01-0.533354875E-01-0.649859939E-01-0.783315871E-01-0.935138605E-01
-0.110678097E+00-0.129973009E+00-0.151550455E+00-0.175565154E+00-0.202174367E+00
-0.231537573E+00-0.263816127E+00-0.299172899E+00-0.337771898E+00-0.379777881E+00
-0.425355942E+00-0.474671090E+00-0.527887807E+00-0.585169591E+00-0.646678485E+00
-0.712574584E+00-0.783015535E+00-0.858156015E+00-0.938147195E+00-0.102313619E+01
-0.111326549E+01-0.120867239E+01-0.130948838E+01-0.141583853E+01-0.152784089E+01
-0.164560585E+01-0.176923543E+01-0.189882269E+01-0.203445102E+01-0.217619342E+01
-0.232411184E+01-0.247825643E+01-0.263866481E+01-0.280536135E+01-0.297835639E+01
 0.396402134E-02 0.301131557E-02 0.222705988E-02 0.160660170E-02 0.114005776E-02
 0.812316041E-03 0.603027769E-03 0.486594419E-03 0.432153620E-03 0.403566817E-03
 0.359410972E-03 0.252976088E-03 0.322700078E-04-0.359968350E-03-0.986246334E-03
-0.191428467E-02-0.321697368E-02-0.497231794E-02-0.726336903E-02-0.101781457E-01
-0.138095415E-01-0.182552187E-01-0.236174895E-01-0.300031828E-01-0.375234977E-01
-0.462938424E-01-0.564336589E-01-0.680662335E-01-0.813184920E-01-0.963207816E-01
-0.113206636E+00-0.132112528E+00-0.153177605E+00-0.176543411E+00-0.202353591E+00
-0.230753587E+00-0.261890309E+00-0.295911801E+00-0.332966882E+00-0.373204785E+00
-0.416774767E+00-0.463825711E+00-0.514505719E+00-0.568961676E+00-0.627338813E+00
-0.689780251E+00-0.756426525E+00-0.827415101E+00-0.902879880E+00-0.982950677E+00
-0.106775270E+01-0.115740602E+01-0.125202498E+01-0.135171766E+01-0.145658532E+01
-0.156672174E+01-0.168221266E+01-0.180313517E+01-0.192955705E+01-0.206153614E+01
-0.219911972E+01-0.234234379E+01-0.249123243E+01-0.264579712E+01-0.280603603E+01
 0.254855445E-02 0.180863709E-02 0.121971278E-02 0.775081868E-03 0.463209634E-03
 0.267739264E-03 0.167494919E-03 0.136479695E-03 0.143872022E-03 0.154023289E-03
 0.126458830E-03 0.158839676E-04-0.227803503E-03-0.659493276E-03-0.133883402E-02
-0.233019558E-02-0.370262131E-02-0.552976989E-02-0.788984621E-02-0.108655209E-01
-0.145438379E-01-0.190161106E-01-0.243778049E-01-0.307284098E-01-0.381712962E-01
-0.468135610E-01-0.567658598E-01-0.681422250E-01-0.810598713E-01-0.956389875E-01
-0.112002514E+00-0.130275909E+00-0.150586898E+00-0.173065208E+00-0.197842299E+00
-0.225051065E+00-0.254825532E+00-0.287300545E+00-0.322611431E+00-0.360893653E+00
-0.402282456E+00-0.446912491E+00-0.494917430E+00-0.546429567E+00-0.601579404E+00
-0.660495227E+00-0.723302669E+00-0.790124254E+00-0.861078935E+00-0.936281620E+00
-0.101584268E+01-0.109986745E+01-0.118845570E+01-0.128170115E+01-0.137969089E+01
-0.148250486E+01-0.159021527E+01-0.170288605E+01-0.182057227E+01-0.194331952E+01
-0.207116336E+01-0.220412865E+01-0.234222901E+01-0.248546610E+01-0.263382906E+01
 0.917234410E-03 0.385346709E-03-0.588363483E-05-0.264709229E-03-0.403878450E-03
-0.440610663E-03-0.396581620E-03-0.297914464E-03-0.175172861E-03-0.633536245E-04
-0.187676573E-05-0.345713086E-04-0.209655560E-03-0.579710745E-03-0.120164710E-02
-0.213666172E-02-0.345018741E-02-0.521183218E-02-0.749530873E-02-0.103783537E-01
-0.139426360E-01-0.182736547E-01-0.234606250E-01-0.295963532E-01-0.367770996E-01
-0.451024302E-01-0.546750557E-01-0.656006584E-01-0.779877077E-01-0.919472619E-01
-0.107592759E+00-0.125039794E+00-0.144405883E+00-0.165810218E+00-0.189373406E+00
-0.215217195E+00-0.243464191E+00-0.274237559E+00-0.307660713E+00-0.343856994E+00
-0.382949338E+00-0.425059921E+00-0.470309809E+00-0.518818581E+00-0.570703945E+00
-0.626081348E+00-0.685063566E+00-0.747760282E+00-0.814277664E+00-0.884717918E+00
-0.959178838E+00-0.103775334E+01-0.112052901E+01-0.120758757E+01-0.129900444E+01
-0.139484820E+01-0.149518010E+01-0.160005351E+01-0.170951341E+01-0.182359583E+01
-0.194232732E+01-0.206572439E+01-0.219379294E+01-0.232652767E+01-0.246391153E+01
-0.795747949E-03-0.112388759E-02-0.131569954E-02-0.138057143E-02-0.133209711E-02
-0.118803968E-02-0.970305268E-03-0.704923009E-03-0.422028006E-03-0.155844529E-03
 0.553324870E-04 0.169159290E-03 0.139269789E-03-0.846922676E-04-0.557034536E-03
-0.133597001E-02-0.248356301E-02-0.406566673E-02-0.615185187E-02-0.881532590E-02
-0.121328428E-01-0.161846027E-01-0.210541414E-01-0.268282097E-01-0.335966415E-01
-0.414522119E-01-0.504904835E-01-0.608096427E-01-0.725103241E-01-0.856954233E-01
-0.100469900E+00-0.116940567E+00-0.135215873E+00-0.155405666E+00-0.177620952E+00
-0.201973640E+00-0.228576279E+00-0.257541773E+00-0.288983099E+00-0.323013003E+00
-0.359743691E+00-0.399286505E+00-0.441751591E+00-0.487247554E+00-0.535881104E+00
-0.587756690E+00-0.642976123E+00-0.701638194E+00-0.763838271E+00-0.829667900E+00
-0.899214383E+00-0.972560356E+00-0.104978335E+01-0.113095537E+01-0.121614239E+01
-0.130540394E+01-0.139879263E+01-0.149635366E+01-0.159812433E+01-0.170413355E+01
-0.181440136E+01-0.192893841E+01-0.204774542E+01-0.217081271E+01-0.229811964E+01
-0.248936477E-02-0.261769276E-02-0.260901605E-02-0.247350721E-02-0.222529932E-02
-0.188243674E-02-0.146683729E-02-0.100426160E-02-0.524286182E-03-0.602777105E-04
 0.350633541E-03 0.667582676E-03 0.846002856E-03 0.837662744E-03 0.590709578E-03
 0.497186039E-04-0.844250527E-03-0.215358986E-02-0.394407132E-02-0.628476653E-02
-0.924795802E-02-0.129090415E-01-0.173464189E-01-0.226413820E-01-0.288779865E-01
-0.361429165E-01-0.445253386E-01-0.541167466E-01-0.650107959E-01-0.773031273E-01
-0.910911813E-01-0.106474002E+00-0.123552029E+00-0.142426883E+00-0.163201136E+00
-0.185978076E+00-0.210861457E+00-0.237955244E+00-0.267363342E+00-0.299189319E+00
-0.333536117E+00-0.370505757E+00-0.410199026E+00-0.452715163E+00-0.498151534E+00
-0.546603287E+00-0.598163018E+00-0.652920405E+00-0.710961852E+00-0.772370112E+00
-0.837223911E+00-0.905597551E+00-0.977560522E+00-0.105317709E+01-0.113250588E+01
-0.121559948E+01-0.130250397E+01-0.139325854E+01-0.148789501E+01-0.158643740E+01
-0.168890148E+01-0.179529429E+01-0.190561371E+01-0.201984798E+01-0.213797520E+01
-0.409036951E-02-0.402259757E-02-0.381302891E-02-0.347233117E-02-0.301492525E-02
-0.245892392E-02-0.182608281E-02-0.114175947E-02-0.434877120E-03 0.262109496E-03
 0.913248140E-03 0.147912461E-02 0.191690106E-02 0.218035809E-02 0.221994168E-02
 0.198281536E-02 0.141291857E-02 0.451031485E-03-0.965153104E-03-0.290095060E-02
-0.542459765E-02-0.860715729E-02-0.125224158E-01-0.172467710E-01-0.228591124E-01
-0.294406921E-01-0.370749868E-01-0.458475514E-01-0.558458626E-01-0.671591542E-01
-0.798782429E-01-0.940953445E-01-0.109903881E+00-0.127398281E+00-0.146673762E+00
-0.167826120E+00-0.190951489E+00-0.216146110E+00-0.243506082E+00-0.273127100E+00
-0.305104197E+00-0.339531463E+00-0.376501764E+00-0.416106454E+00-0.458435068E+00
-0.503575018E+00-0.551611277E+00-0.602626052E+00-0.656698452E+00-0.713904151E+00
-0.774315039E+00-0.837998866E+00-0.905018886E+00-0.975433484E+00-0.104929580E+01
-0.112665337E+01-0.120754770E+01-0.129201391E+01-0.138008033E+01-0.147176807E+01
-0.156709067E+01-0.166605362E+01-0.176865400E+01-0.187488006E+01-0.198471074E+01
-0.554852752E-02-0.528825215E-02-0.487806504E-02-0.432889215E-02-0.365523902E-02
-0.287511758E-02-0.200998644E-02-0.108470017E-02-0.127464385E-03 0.830206281E-03
 0.175352902E-02 0.260449434E-02 0.334190940E-02 0.392144426E-02 0.429568195E-02
 0.441417305E-02 0.422349541E-02 0.366731952E-02 0.268647993E-02 0.121905322E-02
-0.799557337E-03-0.343653001E-02-0.676152552E-02-0.108465805E-01-0.157659933E-01
-0.215962018E-01-0.284156535E-01-0.363046676E-01-0.453452886E-01-0.556211321E-01
-0.672172222E-01-0.802198208E-01-0.947162484E-01-0.110794697E+00-0.128544033E+00
-0.148053597E+00-0.169412989E+00-0.192711847E+00-0.218039624E+00-0.245485346E+00
-0.275137373E+00-0.307083146E+00-0.341408925E+00-0.378199528E+00-0.417538051E+00
-0.459505590E+00-0.504180953E+00-0.551640365E+00-0.601957164E+00-0.655201496E+00
-0.711439999E+00-0.770735483E+00-0.833146605E+00-0.898727534E+00-0.967527621E+00
-0.103959105E+01-0.111495649E+01-0.119365677E+01-0.127571847E+01-0.136116163E+01
-0.144999932E+01-0.154223733E+01-0.163787379E+01-0.173689877E+01-0.183929392E+01
-0.683241241E-02-0.638321371E-02-0.577336534E-02-0.501386141E-02-0.411913110E-02
-0.310695417E-02-0.199839122E-02-0.817723828E-03 0.407598474E-03 0.164700732E-02
 0.286686261E-02 0.403049930E-02 0.509827516E-02 0.602762057E-02 0.677309129E-02
 0.728642481E-02 0.751660105E-02 0.740990778E-02 0.691001129E-02 0.595803268E-02
 0.449263002E-02 0.245008671E-02-0.235593709E-03-0.363258618E-02-0.781113594E-02
-0.128434434E-01-0.188035420E-01-0.257671690E-01-0.338116288E-01-0.430156496E-01
-0.534592318E-01-0.652234903E-01-0.783904883E-01-0.930430646E-01-0.109264653E+00
-0.127139097E+00-0.146750449E+00-0.168182779E+00-0.191519953E+00-0.216845429E+00
-0.244242027E+00-0.273791701E+00-0.305575306E+00-0.339672353E+00-0.376160760E+00
-0.415116599E+00-0.456613833E+00-0.500724054E+00-0.547516203E+00-0.597056302E+00
-0.649407162E+00-0.704628104E+00-0.762774659E+00-0.823898278E+00-0.888046027E+00
-0.955260284E+00-0.102557843E+01-0.109903254E+01-0.117564907E+01-0.125544853E+01
-0.133844516E+01-0.142464666E+01-0.151405378E+01-0.160666007E+01-0.170245153E+01
-0.792572359E-02-0.729125396E-02-0.648338934E-02-0.551304239E-02-0.439444154E-02
-0.314503593E-02-0.178541617E-02-0.339246228E-03 0.116679710E-02 0.270307969E-02
 0.423706279E-02 0.573335448E-02 0.715376125E-02 0.845734078E-02 0.960045687E-02
 0.105368371E-01 0.112176340E-01 0.115914904E-01 0.116046083E-01 0.112008242E-01
 0.103216874E-01 0.890654563E-02 0.689263474E-02 0.421517517E-02 0.807473894E-03
-0.339896751E-02-0.847433853E-02-0.144903992E-01-0.215203530E-01-0.296387140E-01
-0.389211667E-01-0.494444204E-01-0.612860561E-01-0.745243681E-01-0.892381985E-01
-0.105506765E+00-0.123409486E+00-0.143025790E+00-0.164434933E+00-0.187715798E+00
-0.212946694E+00-0.240205148E+00-0.269567691E+00-0.301109640E+00-0.334904875E+00
-0.371025607E+00-0.409542145E+00-0.450522656E+00-0.494032922E+00-0.540136094E+00
-0.588892435E+00-0.640359068E+00-0.694589715E+00-0.751634435E+00-0.811539355E+00
-0.874346404E+00-0.940093040E+00-0.100881198E+01-0.108053091E+01-0.115527223E+01
-0.123305277E+01-0.131388349E+01-0.139776922E+01-0.148470839E+01-0.157469272E+01
-0.882408233E-02-0.800814537E-02-0.700459873E-02-0.582415918E-02-0.448076154E-02
-0.299145391E-02-0.137630973E-02 0.341647937E-03 0.213651357E-02 0.397956052E-02
 0.583929852E-02 0.768152927E-02 0.946940119E-02 0.111634647E-01 0.127217288E-01
 0.140997194E-01 0.152505411E-01 0.161249409E-01 0.166713769E-01 0.168360901E-01
 0.165631805E-01 0.157946884E-01 0.144706802E-01 0.125293387E-01 0.990705899E-02
 0.653855006E-02 0.235694075E-02-0.270610812E-02-0.872028627E-02-0.157565110E-01
-0.238867988E-01-0.331841307E-01-0.437223132E-01-0.555758325E-01-0.688197042E-01
-0.835293165E-01-0.997802691E-01-0.117648206E+00-0.137208645E+00-0.158536796E+00
-0.181707384E+00-0.206794460E+00-0.233871209E+00-0.263009754E+00-0.294280953E+00
-0.327754200E+00-0.363497210E+00-0.401575810E+00-0.442053719E+00-0.484992332E+00
-0.530450496E+00-0.578484284E+00-0.629146765E+00-0.682487775E+00-0.738553684E+00
-0.797387161E+00-0.859026936E+00-0.923507566E+00-0.990859194E+00-0.106110731E+01
-0.113427252E+01-0.121037028E+01-0.128941070E+01-0.137139828E+01-0.145633167E+01
-0.953226517E-02-0.853888529E-02-0.734267903E-02-0.595408286E-02-0.438667211E-02
-0.265704723E-02-0.784738081E-03 0.120787870E-02 0.329565275E-02 0.545072637E-02
 0.764259629E-02 0.983817265E-02 0.120018365E-01 0.140954970E-01 0.160786490E-01
 0.179084321E-01 0.195396917E-01 0.209250424E-01 0.220149341E-01 0.227577217E-01
 0.230997382E-01 0.229853718E-01 0.223571465E-01 0.211558079E-01 0.193204123E-01
 0.167884214E-01 0.134958004E-01 0.937712200E-02 0.436567420E-02-0.160642660E-02
-0.860811794E-02-0.167092688E-01-0.259805524E-01-0.364933142E-01-0.483194349E-01
-0.615311897E-01-0.762011021E-01-0.924017936E-01-0.110205829E+00-0.129685558E+00
-0.150912950E+00-0.173959432E+00-0.198895711E+00-0.225791604E+00-0.254715860E+00
-0.285735976E+00-0.318918015E+00-0.354326415E+00-0.392023804E+00-0.432070803E+00
-0.474525833E+00-0.519444919E+00-0.566881489E+00-0.616886175E+00-0.669506614E+00
-0.724787241E+00-0.782769093E+00-0.843489601E+00-0.906982388E+00-0.973277069E+00
-0.104239905E+01-0.111436932E+01-0.118920426E+01-0.126691546E+01-0.134750948E+01
-0.100618358E-01-0.889531892E-02-0.751016003E-02-0.591645646E-02-0.412738089E-02
-0.215905951E-02-0.304693496E-04 0.223665042E-02 0.461787675E-02 0.708617341E-02
 0.961195646E-02 0.121631560E-01 0.147052758E-01 0.172014520E-01 0.196125114E-01
 0.218970305E-01 0.240113960E-01 0.259098667E-01 0.275446378E-01 0.288659077E-01
 0.298219480E-01 0.303591758E-01 0.304222308E-01 0.299540541E-01 0.288959724E-01
 0.271877847E-01 0.247678540E-01 0.215732015E-01 0.175396068E-01 0.126017100E-01
 0.669311938E-02-0.253477396E-03-0.830619834E-02-0.175338478E-01-0.280057935E-01
-0.397918395E-01-0.529620955E-01-0.675868426E-01-0.837363952E-01-0.101480960E+00
-0.120890490E+00-0.142034540E+00-0.164982110E+00-0.189801496E+00-0.216560135E+00
-0.245324439E+00-0.276159642E+00-0.309129630E+00-0.344296781E+00-0.381721795E+00
-0.421463527E+00-0.463578818E+00-0.508122327E+00-0.555146353E+00-0.604700675E+00
-0.656832372E+00-0.711585657E+00-0.769001706E+00-0.829118490E+00-0.891970608E+00
-0.957589117E+00-0.102600137E+01-0.109723087E+01-0.117129708E+01-0.124821530E+01
-0.104291378E-01-0.909412370E-02-0.752439792E-02-0.572968133E-02-0.372271977E-02
-0.151915505E-02 0.862583832E-03 0.340137470E-02 0.607348491E-02 0.885264576E-02
 0.117101209E-01 0.146147706E-01 0.175331127E-01 0.204293824E-01 0.232655910E-01
 0.260015845E-01 0.285951031E-01 0.310018416E-01 0.331755115E-01 0.350679048E-01
 0.366289605E-01 0.378068330E-01 0.385479637E-01 0.387971554E-01 0.384976491E-01
 0.375912052E-01 0.360181864E-01 0.337176452E-01 0.306274136E-01 0.266841973E-01
 0.218236720E-01 0.159805842E-01 0.908885438E-02 0.108168384E-02-0.810833513E-02
-0.185491063E-01-0.303089132E-01-0.434563003E-01-0.580599508E-01-0.741885622E-01
-0.919107194E-01-0.111294765E+00-0.132408666E+00-0.155319883E+00-0.180095232E+00
-0.206800749E+00-0.235501547E+00-0.266261681E+00-0.299144003E+00-0.334210022E+00
-0.371519760E+00-0.411131610E+00-0.453102194E+00-0.497486216E+00-0.544336327E+00
-0.593702979E+00-0.645634284E+00-0.700175881E+00-0.757370793E+00-0.817259298E+00
-0.879878795E+00-0.945263673E+00-0.101344519E+01-0.108445135E+01-0.115830678E+01
-0.106536132E-01-0.915511964E-02-0.740588340E-02-0.541522932E-02-0.319546775E-02
-0.761759435E-03 0.186799871E-02 0.467327207E-02 0.763097482E-02 0.107155475E-01
 0.138990276E-01 0.171511158E-01 0.204392382E-01 0.237286065E-01 0.269822764E-01
 0.301612063E-01 0.332243149E-01 0.361285400E-01 0.388288982E-01 0.412785460E-01
 0.434288420E-01 0.452294118E-01 0.466282143E-01 0.475716110E-01 0.480044366E-01
 0.478700734E-01 0.471105273E-01 0.456665070E-01 0.434775054E-01 0.404818843E-01
 0.366169613E-01 0.318190994E-01 0.260237996E-01 0.191657957E-01 0.111791518E-01
 0.199736209E-02-0.844654666E-02-0.202199110E-01-0.333903238E-01-0.480255261E-01
-0.641932964E-01-0.819613387E-01-0.101397169E+00-0.122567999E+00-0.145540623E+00
-0.170381298E+00-0.197155627E+00-0.225928440E+00-0.256763677E+00-0.289724266E+00
-0.324872011E+00-0.362267467E+00-0.401969826E+00-0.444036801E+00-0.488524513E+00
-0.535487372E+00-0.584977974E+00-0.637046986E+00-0.691743043E+00-0.749112644E+00
-0.809200052E+00-0.872047202E+00-0.937693602E+00-0.100617625E+01-0.107752956E+01
-0.107564123E-01-0.909987196E-02-0.717684230E-02-0.499624715E-02-0.256996543E-02
 0.873092855E-04 0.295818752E-02 0.602268614E-02 0.925831796E-02 0.126401718E-01
 0.161409849E-01 0.197312108E-01 0.233790814E-01 0.270506685E-01 0.307099412E-01
 0.343188233E-01 0.378372504E-01 0.412232260E-01 0.444328789E-01 0.474205209E-01
 0.501387058E-01 0.525382899E-01 0.545684936E-01 0.561769650E-01 0.573098450E-01
 0.579118353E-01 0.579262669E-01 0.572951717E-01 0.559593562E-01 0.538584768E-01
 0.509311171E-01 0.471148681E-01 0.423464094E-01 0.365615931E-01 0.296955293E-01
 0.216826730E-01 0.124569136E-01 0.195166510E-02-0.990004157E-02-0.231654654E-01
-0.379120608E-01-0.542073817E-01-0.721189857E-01-0.917143365E-01-0.113060707E+00
-0.136225080E+00-0.161274053E+00-0.188273739E+00-0.217289668E+00-0.248386694E+00
-0.281628896E+00-0.317079484E+00-0.354800711E+00-0.394853774E+00-0.437298733E+00
-0.482194417E+00-0.529598346E+00-0.579566650E+00-0.632153987E+00-0.687413475E+00
-0.745396619E+00-0.806153249E+00-0.869731458E+00-0.936177549E+00-0.100553599E+01
-0.107592645E-01-0.895055421E-02-0.686009664E-02-0.449642118E-02-0.187098927E-02
 0.100195056E-02 0.410548514E-02 0.742014209E-02 0.109239818E-01 0.145926796E-01
 0.183995995E-01 0.223158624E-01 0.263104097E-01 0.303500634E-01 0.343995837E-01
 0.384217250E-01 0.423772910E-01 0.462251893E-01 0.499224857E-01 0.534244590E-01
 0.566846561E-01 0.596549485E-01 0.622855891E-01 0.645252706E-01 0.663211854E-01
 0.676190861E-01 0.683633485E-01 0.684970350E-01 0.679619608E-01 0.666987602E-01
 0.646469558E-01 0.617450281E-01 0.579304871E-01 0.531399454E-01 0.473091919E-01
 0.403732674E-01 0.322665411E-01 0.229227878E-01 0.122752663E-01 0.256798702E-03
-0.132001508E-01-0.281633953E-01-0.447009454E-01-0.628809289E-01-0.827715109E-01
-0.104440814E+00-0.127956841E+00-0.153387393E+00-0.180799996E+00-0.210261823E+00
-0.241839624E+00-0.275599646E+00-0.311607572E+00-0.349928447E+00-0.390626616E+00
-0.433765661E+00-0.479408347E+00-0.527616562E+00-0.578451270E+00-0.631972464E+00
-0.688239128E+00-0.747309197E+00-0.809239532E+00-0.874085893E+00-0.941902922E+00
-0.106835779E-01-0.872904169E-02-0.647815631E-02-0.393907242E-02-0.112285554E-02
 0.195666254E-02 0.528300936E-02 0.883717951E-02 0.125977288E-01 0.165408573E-01
 0.206404848E-01 0.248683191E-01 0.291939193E-01 0.335847560E-01 0.380062676E-01
 0.424219155E-01 0.467932368E-01 0.510798970E-01 0.552397414E-01 0.592288469E-01
 0.630015736E-01 0.665106168E-01 0.697070595E-01 0.725404260E-01 0.749587353E-01
 0.769085570E-01 0.783350663E-01 0.791821018E-01 0.793922228E-01 0.789067686E-01
 0.776659183E-01 0.756087521E-01 0.726733127E-01 0.687966681E-01 0.639149754E-01
 0.579635443E-01 0.508769019E-01 0.425888581E-01 0.330325704E-01 0.221406099E-01
 0.984502613E-02-0.392258715E-02-0.192310274E-01-0.361494188E-01-0.547471490E-01
-0.750938062E-01-0.972591184E-01-0.121312893E+00-0.147324959E+00-0.175365110E+00
-0.205503052E+00-0.237808351E+00-0.272350383E+00-0.309198292E+00-0.348420945E+00
-0.390086893E+00-0.434264342E+00-0.481021117E+00-0.530424641E+00-0.582541914E+00
-0.637439499E+00-0.695183514E+00-0.755839629E+00-0.819473073E+00-0.886148645E+00
-0.105497415E-01-0.845620714E-02-0.605251299E-02-0.334645361E-02-0.348725834E-03
 0.292722279E-02 0.646532186E-02 0.102469878E-01 0.142512193E-01 0.184546815E-01
 0.228317819E-01 0.273547387E-01 0.319936440E-01 0.367165231E-01 0.414893899E-01
 0.462763004E-01 0.510394039E-01 0.557389929E-01 0.603335520E-01 0.647798067E-01
 0.690327712E-01 0.730457967E-01 0.767706192E-01 0.801574082E-01 0.831548153E-01
 0.857100236E-01 0.877687971E-01 0.892755316E-01 0.901733047E-01 0.904039279E-01
 0.899079981E-01 0.886249500E-01 0.864931090E-01 0.834497442E-01 0.794311218E-01
 0.743725588E-01 0.682084760E-01 0.608724522E-01 0.522972770E-01 0.424150034E-01
 0.311570007E-01 0.184540055E-01 0.423617257E-02-0.115668757E-01-0.290260010E-01
-0.482125027E-01-0.691980728E-01-0.920547532E-01-0.116854895E+00-0.143671120E+00
-0.172576288E+00-0.203643461E+00-0.236945876E+00-0.272556922E+00-0.310550117E+00
-0.350999091E+00-0.393977574E+00-0.439559394E+00-0.487818467E+00-0.538828810E+00
-0.592664544E+00-0.649399919E+00-0.709109329E+00-0.771867352E+00-0.837748785E+00
-0.103766028E-01-0.815139221E-02-0.560311001E-02-0.273922210E-02 0.429912360E-03
 0.389119472E-02 0.762891652E-02 0.116248705E-01 0.158584468E-01 0.203067183E-01
 0.249445158E-01 0.297444968E-01 0.346772084E-01 0.397111449E-01 0.448128029E-01
 0.499467324E-01 0.550755865E-01 0.601601687E-01 0.651594797E-01 0.700307623E-01
 0.747295463E-01 0.792096925E-01 0.834234369E-01 0.873214342E-01 0.908528017E-01
 0.939651630E-01 0.966046919E-01 0.987161565E-01 0.100242963E+00 0.101127201E+00
 0.101309685E+00 0.100730003E+00 0.993265567E-01 0.970366092E-01 0.937963263E-01
 0.895408212E-01 0.842041983E-01 0.777195949E-01 0.700192238E-01 0.610344143E-01
 0.506956521E-01 0.389326183E-01 0.256742267E-01 0.108486596E-01-0.561659797E-02
-0.237947267E-01-0.437595432E-01-0.655854726E-01-0.893475249E-01-0.115121273E+00
-0.142982836E+00-0.173008863E+00-0.205276526E+00-0.239863508E+00-0.276848010E+00
-0.316308747E+00-0.358324960E+00-0.402976430E+00-0.450343498E+00-0.500507091E+00
-0.553548758E+00-0.609550706E+00-0.668595853E+00-0.730767879E+00-0.796151297E+00
-0.101810951E-01-0.783203012E-02-0.514796358E-02-0.213606370E-02 0.119361450E-02
 0.482828454E-02 0.875255936E-02 0.129485631E-01 0.173960282E-01 0.220723803E-01
 0.269528138E-01 0.320103603E-01 0.372159502E-01 0.425384702E-01 0.479448158E-01
 0.533999421E-01 0.588669104E-01 0.643069339E-01 0.696794214E-01 0.749420195E-01
 0.800506540E-01 0.849595707E-01 0.896213747E-01 0.939870703E-01 0.980061000E-01
 0.101626383E+00 0.104794353E+00 0.107454998E+00 0.109551896E+00 0.111027255E+00
 0.111821948E+00 0.111875551E+00 0.111126380E+00 0.109511526E+00 0.106966891E+00
 0.103427221E+00 0.988261438E-01 0.930961965E-01 0.861688606E-01 0.779745914E-01
 0.684428464E-01 0.575021131E-01 0.450799338E-01 0.311029292E-01 0.154968188E-01
-0.181356018E-02-0.209042373E-01-0.418520963E-01-0.647348659E-01-0.896311136E-01
-0.116620244E+00-0.145782501E+00-0.177198975E+00-0.210951610E+00-0.247123229E+00
-0.285797544E+00-0.327059195E+00-0.370993775E+00-0.417687875E+00-0.467229129E+00
-0.519706269E+00-0.575209186E+00-0.633829001E+00-0.695658143E+00-0.760790438E+00
-0.997799462E-02-0.751339683E-02-0.470291252E-02-0.155344503E-02 0.192522006E-02
 0.572057133E-02 0.981750307E-02 0.141984276E-01 0.188433724E-01 0.237300650E-01
 0.288340084E-01 0.341285484E-01 0.395849348E-01 0.451723774E-01 0.508580974E-01
 0.566073761E-01 0.623836001E-01 0.681483043E-01 0.738612130E-01 0.794802797E-01
 0.849617247E-01 0.902600731E-01 0.953281899E-01 0.100117316E+00 0.104577103E+00
 0.108655646E+00 0.112299518E+00 0.115453802E+00 0.118062123E+00 0.120066682E+00
 0.121408282E+00 0.122026363E+00 0.121859027E+00 0.120843069E+00 0.118914006E+00
 0.116006099E+00 0.112052380E+00 0.106984678E+00 0.100733637E+00 0.932287398E-01
 0.843983252E-01 0.741696041E-01 0.624686746E-01 0.492205332E-01 0.343490840E-01
 0.177771450E-01-0.573549528E-03-0.207823488E-01-0.429296901E-01-0.670971074E-01
-0.933672428E-01-0.121823865E+00-0.152551888E+00-0.185637404E+00-0.221167710E+00
-0.259231349E+00-0.299918155E+00-0.343319302E+00-0.389527366E+00-0.438636387E+00
-0.490741943E+00-0.545941232E+00-0.604333162E+00-0.666018449E+00-0.731099727E+00
-0.977978291E-02-0.720846969E-02-0.428147574E-02-0.100547324E-02 0.260998674E-02
 0.655263119E-02 0.108075970E-01 0.153575434E-01 0.201827488E-01 0.252611957E-01
 0.305686451E-01 0.360787033E-01 0.417628823E-01 0.475906541E-01 0.535295011E-01
 0.595449631E-01 0.656006799E-01 0.716584330E-01 0.776781841E-01 0.836181114E-01
 0.894346456E-01 0.950825034E-01 0.100514720E+00 0.105682681E+00 0.110536153E+00
 0.115023311E+00 0.119090772E+00 0.122683617E+00 0.125745423E+00 0.128218285E+00
 0.130042843E+00 0.131158304E+00 0.131502468E+00 0.131011748E+00 0.129621188E+00
 0.127264486E+00 0.123874006E+00 0.119380801E+00 0.113714617E+00 0.106803913E+00
 0.985758663E-01 0.889563794E-01 0.778700853E-01 0.652403485E-01 0.509892632E-01
 0.350376488E-01 0.173050409E-01-0.229032091E-02-0.238315092E-01-0.474029297E-01
-0.730903469E-01-0.100980914E+00-0.131163209E+00-0.163727274E+00-0.198764668E+00
-0.236368512E+00-0.276633556E+00-0.319656243E+00-0.365534781E+00-0.414369232E+00
-0.466261596E+00-0.521315910E+00-0.579638360E+00-0.641337395E+00-0.706523853E+00
-0.959659854E-02-0.692787459E-02-0.389479820E-02-0.503844069E-03 0.323563691E-02
 0.731157463E-02 0.117093116E-01 0.164117152E-01 0.213992741E-01 0.266501825E-01
 0.321404139E-01 0.378437875E-01 0.437320266E-01 0.497748123E-01 0.559398326E-01
 0.621928270E-01 0.684976282E-01 0.748162008E-01 0.811086783E-01 0.873333965E-01
 0.934469270E-01 0.994041073E-01 0.105158071E+00 0.110660275E+00 0.115860526E+00
 0.120707010E+00 0.125146310E+00 0.129123436E+00 0.132581843E+00 0.135463452E+00
 0.137708672E+00 0.139256418E+00 0.140044127E+00 0.140007771E+00 0.139081877E+00
 0.137199533E+00 0.134292401E+00 0.130290728E+00 0.125123344E+00 0.118717674E+00
 0.110999735E+00 0.101894135E+00 0.913240681E-01 0.792113071E-01 0.654761928E-01
 0.500376184E-01 0.328130114E-01 0.137183106E-01-0.733206139E-02-0.304252296E-01
-0.556499039E-01-0.830964213E-01-0.112856794E+00-0.145024761E+00-0.179695853E+00
-0.216967454E+00-0.256938877E+00-0.299711445E+00-0.345388579E+00-0.394075898E+00
-0.445881317E+00-0.500915171E+00-0.559290328E+00-0.621122331E+00-0.686529538E+00
-0.943625887E-02-0.667990417E-02-0.355166815E-02-0.578609145E-04 0.379233363E-02
 0.798701449E-02 0.125116950E-01 0.173494147E-01 0.224808349E-01 0.278843228E-01
 0.335360239E-01 0.394099274E-01 0.454779240E-01 0.517098582E-01 0.580735754E-01
 0.645349657E-01 0.710580035E-01 0.776047845E-01 0.841355601E-01 0.906087693E-01
 0.969810690E-01 0.103207362E+00 0.109240823E+00 0.115032926E+00 0.120533465E+00
 0.125690576E+00 0.130450762E+00 0.134758906E+00 0.138558296E+00 0.141790635E+00
 0.144396060E+00 0.146313156E+00 0.147478962E+00 0.147828991E+00 0.147297228E+00
 0.145816144E+00 0.143316694E+00 0.139728324E+00 0.134978967E+00 0.128995041E+00
 0.121701444E+00 0.113021541E+00 0.102877156E+00 0.911885550E-01 0.778744249E-01
 0.628518520E-01 0.460362939E-01 0.273415473E-01 0.667971155E-02-0.160388528E-01
-0.409055715E-01-0.680137083E-01-0.974584244E-01-0.129336842E+00-0.163748117E+00
-0.200793515E+00-0.240576500E+00-0.283202823E+00-0.328780628E+00-0.377420557E+00
-0.429235874E+00-0.484342585E+00-0.542859582E+00-0.604908786E+00-0.670615310E+00
-0.930433717E-02-0.647059171E-02-0.325859013E-02 0.325490487E-03 0.427260169E-02
 0.857097974E-02 0.132062765E-01 0.181616704E-01 0.234179618E-01 0.289536555E-01
 0.347450331E-01 0.407662169E-01 0.469892266E-01 0.533840304E-01 0.599185912E-01
 0.665589083E-01 0.732690558E-01 0.800112179E-01 0.867457209E-01 0.934310637E-01
 0.100023946E+00 0.106479292E+00 0.112750278E+00 0.118788352E+00 0.124543255E+00
 0.129963042E+00 0.134994094E+00 0.139581143E+00 0.143667276E+00 0.147193957E+00
 0.150101032E+00 0.152326741E+00 0.153807724E+00 0.154479027E+00 0.154274107E+00
 0.153124830E+00 0.150961474E+00 0.147712720E+00 0.143305650E+00 0.137665738E+00
 0.130716834E+00 0.122381151E+00 0.112579248E+00 0.101230004E+00 0.882505913E-01
 0.735564489E-01 0.570612438E-01 0.386768325E-01 0.183132161E-01-0.412150910E-02
-0.287212078E-01-0.555817665E-01-0.848011612E-01-0.116479531E+00-0.150719259E+00
-0.187625062E+00-0.227304081E+00-0.269865992E+00-0.315423110E+00-0.364090516E+00
-0.415986182E+00-0.471231112E+00-0.529949489E+00-0.592268837E+00-0.658320190E+00
-0.920428143E-02-0.630382708E-02-0.301990013E-02 0.641425526E-03 0.467120725E-02
 0.905778898E-02 0.137869312E-01 0.188419214E-01 0.242036679E-01 0.298507824E-01
 0.357596506E-01 0.419044956E-01 0.482574331E-01 0.547885220E-01 0.614658087E-01
 0.682553677E-01 0.751213386E-01 0.820259599E-01 0.889295994E-01 0.957907825E-01
 0.102566218E+00 0.109210824E+00 0.115677746E+00 0.121918379E+00 0.127882387E+00
 0.133517717E+00 0.138770616E+00 0.143585643E+00 0.147905681E+00 0.151671943E+00
 0.154823987E+00 0.157299715E+00 0.159035380E+00 0.159965587E+00 0.160023292E+00
 0.159139799E+00 0.157244756E+00 0.154266145E+00 0.150130273E+00 0.144761753E+00
 0.138083495E+00 0.130016678E+00 0.120480728E+00 0.109393291E+00 0.966702002E-01
 0.822254379E-01 0.659710956E-01 0.478173277E-01 0.276722998E-01 0.544213223E-02
-0.189691624E-01-0.456597479E-01-0.747300390E-01-0.106282783E+00-0.140423150E+00
-0.177258825E+00-0.216900117E+00-0.259460065E+00-0.305054563E+00-0.353802489E+00
-0.405825839E+00-0.461249880E+00-0.520203309E+00-0.582818418E+00-0.649231276E+00
-0.913756275E-02-0.618150277E-02-0.283791096E-02 0.887214082E-03 0.498500809E-02
 0.944389539E-02 0.142497180E-01 0.193858447E-01 0.248332651E-01 0.305706695E-01
 0.365745201E-01 0.428191128E-01 0.492766315E-01 0.559171972E-01 0.627089119E-01
 0.696178975E-01 0.766083319E-01 0.836424808E-01 0.906807276E-01 0.976815997E-01
 0.104601793E+00 0.111396195E+00 0.118017902E+00 0.124418241E+00 0.130546784E+00
 0.136351363E+00 0.141778080E+00 0.146771324E+00 0.151273773E+00 0.155226404E+00
 0.158568500E+00 0.161237649E+00 0.163169748E+00 0.164299000E+00 0.164557912E+00
 0.163877286E+00 0.162186210E+00 0.159412052E+00 0.155480437E+00 0.150315235E+00
 0.143838537E+00 0.135970631E+00 0.126629975E+00 0.115733160E+00 0.103194878E+00
 0.889278761E-01 0.728429150E-01 0.548487141E-01 0.348518967E-01 0.127569278E-01
-0.115339542E-01-0.381208115E-01-0.671060876E-01-0.985946948E-01-0.132694109E+00
-0.169514472E+00-0.209168701E+00-0.251772610E+00-0.297445032E+00-0.346307961E+00
-0.398486691E+00-0.454109979E+00-0.513310206E+00-0.576223554E+00-0.642990197E+00
-0.910384355E-02-0.610368017E-02-0.271307805E-02 0.106201383E-02 0.521278429E-02
 0.972771313E-02 0.145926991E-01 0.197911681E-01 0.253041657E-01 0.311104371E-01
 0.371864966E-01 0.435066883E-01 0.500432404E-01 0.567663123E-01 0.636440384E-01
 0.706425654E-01 0.777260873E-01 0.848568768E-01 0.919953132E-01 0.990999078E-01
 0.106127328E+00 0.113032415E+00 0.119768209E+00 0.126285959E+00 0.132535140E+00
 0.138463468E+00 0.144016907E+00 0.149139682E+00 0.153774285E+00 0.157861476E+00
 0.161340292E+00 0.164148044E+00 0.166220319E+00 0.167490971E+00 0.167892122E+00
 0.167354147E+00 0.165805665E+00 0.163173526E+00 0.159382791E+00 0.154356713E+00
 0.148016712E+00 0.140282348E+00 0.131071288E+00 0.120299270E+00 0.107880065E+00
 0.937254295E-01 0.777450587E-01 0.598465284E-01 0.399352369E-01 0.179143386E-01
-0.631532805E-02-0.328553188E-01-0.618096683E-01-0.932849824E-01-0.127390537E+00
-0.164238384E+00-0.203943470E+00-0.246623752E+00-0.292400339E+00-0.341397626E+00
-0.393743447E+00-0.449569237E+00-0.509010204E+00-0.572205506E+00-0.639298452E+00
-0.910115735E-02-0.606876780E-02-0.264417717E-02 0.116669165E-02 0.535505762E-02
 0.990943340E-02 0.148157521E-01 0.200574746E-01 0.256156808E-01 0.314691488E-01
 0.375944236E-01 0.439658767E-01 0.505557595E-01 0.573342503E-01 0.642694959E-01
 0.713276494E-01 0.784729037E-01 0.856675219E-01 0.928718648E-01 0.100044415E+00
 0.107141800E+00 0.114118812E+00 0.120928423E+00 0.127521805E+00 0.133848341E+00
 0.139855636E+00 0.145489529E+00 0.150694098E+00 0.155411671E+00 0.159582824E+00
 0.163146384E+00 0.166039433E+00 0.168197301E+00 0.169553559E+00 0.170040019E+00
 0.169586715E+00 0.168121897E+00 0.165572010E+00 0.161861677E+00 0.156913677E+00
 0.150648917E+00 0.142986404E+00 0.133843212E+00 0.123134440E+00 0.110773175E+00
 0.966704411E-01 0.807351500E-01 0.628740423E-01 0.429916262E-01 0.209901082E-01
-0.323068080E-02-0.297733662E-01-0.587431174E-01-0.902477423E-01-0.124397789E+00
-0.161306657E+00-0.201090710E+00-0.243869410E+00-0.289765446E+00-0.338904879E+00
-0.391417300E+00-0.447435991E+00-0.507098098E+00-0.570544820E+00-0.637921606E+00
-0.912609363E-02-0.607370509E-02-0.262848802E-02 0.120363960E-02 0.541390609E-02
 0.999083654E-02 0.149203783E-01 0.201860073E-01 0.257688183E-01 0.316476028E-01
 0.377989175E-01 0.441971428E-01 0.508145353E-01 0.576212744E-01 0.645855031E-01
 0.716733651E-01 0.788490377E-01 0.860747620E-01 0.933108687E-01 0.100515803E+00
 0.107646147E+00 0.114656635E+00 0.121500176E+00 0.128127867E+00 0.134489004E+00
 0.140531094E+00 0.146199866E+00 0.151439278E+00 0.156191519E+00 0.160397017E+00
 0.163994436E+00 0.166920677E+00 0.169110876E+00 0.170498394E+00 0.171014813E+00
 0.170589922E+00 0.169151706E+00 0.166626327E+00 0.162938104E+00 0.158009492E+00
 0.151761053E+00 0.144111427E+00 0.134977296E+00 0.124273346E+00 0.111912226E+00
 0.978044953E-01 0.818585759E-01 0.639806914E-01 0.440748045E-01 0.220425481E-01
-0.221685064E-02-0.288066518E-01-0.578326909E-01-0.894034749E-01-0.123630285E+00
-0.160627286E+00-0.200511647E+00-0.243403669E+00-0.289426919E+00-0.338708377E+00
-0.391378588E+00-0.447571834E+00-0.507426304E+00-0.571084280E+00-0.638692341E+00
-0.917398338E-02-0.611414730E-02-0.266197890E-02 0.117658982E-02 0.539277796E-02
 0.997510468E-02 0.149095135E-01 0.201794773E-01 0.257660879E-01 0.316481332E-01
 0.378021639E-01 0.442025526E-01 0.508215450E-01 0.576293059E-01 0.645939596E-01
 0.716816269E-01 0.788564570E-01 0.860806573E-01 0.933145201E-01 0.100516446E+00
 0.107642964E+00 0.114648755E+00 0.121486662E+00 0.128107711E+00 0.134461122E+00
 0.140494319E+00 0.146152940E+00 0.151380844E+00 0.156120117E+00 0.160311076E+00
 0.163892267E+00 0.166800467E+00 0.168970681E+00 0.170336132E+00 0.170828259E+00
 0.170376702E+00 0.168909291E+00 0.166352026E+00 0.162629063E+00 0.157662685E+00
 0.151373279E+00 0.143679306E+00 0.134497265E+00 0.123741657E+00 0.111324939E+00
 0.971574814E-01 0.811475110E-01 0.632010569E-01 0.432218860E-01 0.211114348E-01
-0.323126541E-02-0.299096696E-01-0.590298068E-01-0.907003752E-01-0.125032844E+00
-0.162141563E+00-0.202143882E+00-0.245160276E+00-0.291314481E+00-0.340733638E+00
-0.393548450E+00-0.449893342E+00-0.509906639E+00-0.573730751E+00-0.641512370E+00
-0.923908251E-02-0.618464870E-02-0.273948986E-02 0.109043135E-02 0.529630829E-02
 0.986663776E-02 0.147873431E-01 0.200418779E-01 0.256113147E-01 0.314744215E-01
 0.376077275E-01 0.439855816E-01 0.505802034E-01 0.573617283E-01 0.642982481E-01
 0.713558473E-01 0.784986350E-01 0.856887750E-01 0.928865115E-01 0.100050193E+00
 0.107136295E+00 0.114099437E+00 0.120892401E+00 0.127466147E+00 0.133769828E+00
 0.139750796E+00 0.145354618E+00 0.150525081E+00 0.155204196E+00 0.159332207E+00
 0.162847587E+00 0.165687043E+00 0.167785511E+00 0.169076151E+00 0.169490341E+00
 0.168957668E+00 0.167405914E+00 0.164761042E+00 0.160947176E+00 0.155886580E+00
 0.149499637E+00 0.141704813E+00 0.132418630E+00 0.121555628E+00 0.109028322E+00
 0.947471605E-01 0.786204707E-01 0.605544061E-01 0.404528840E-01 0.182175196E-01
-0.625244684E-02-0.330602290E-01-0.623115799E-01-0.941148843E-01-0.128581259E+00
-0.165824660E+00-0.205961996E+00-0.249113258E+00-0.295401644E+00-0.344953709E+00
-0.397899508E+00-0.454372765E+00-0.514511041E+00-0.578455917E+00-0.646353188E+00
-0.931475223E-02-0.627884318E-02-0.285491335E-02 0.951029531E-03 0.513013860E-02
 0.967087371E-02 0.145591231E-01 0.197783063E-01 0.253094615E-01 0.311313213E-01
 0.372203784E-01 0.435509427E-01 0.500951925E-01 0.568232194E-01 0.637030683E-01
 0.707007737E-01 0.777803924E-01 0.849040325E-01 0.920318805E-01 0.991222252E-01
 0.106131480E+00 0.113014201E+00 0.119723109E+00 0.126209100E+00 0.132421265E+00
 0.138306897E+00 0.143811506E+00 0.148878827E+00 0.153450824E+00 0.157467702E+00
 0.160867903E+00 0.163588111E+00 0.165563252E+00 0.166726491E+00 0.167009224E+00
 0.166341072E+00 0.164649874E+00 0.161861668E+00 0.157900679E+00 0.152689297E+00
 0.146148059E+00 0.138195617E+00 0.128748713E+00 0.117722145E+00 0.105028723E+00
 0.905792348E-01 0.742823940E-01 0.560447882E-01 0.357708222E-01 0.133626548E-01
-0.112798701E-01-0.382592990E-01-0.676806501E-01-0.996515019E-01-0.134282089E+00
-0.171685405E+00-0.211977314E+00-0.255276669E+00-0.301705443E+00-0.351388861E+00
-0.404455550E+00-0.461037697E+00-0.521271212E+00-0.585295906E+00-0.653255682E+00
-0.939363737E-02-0.638962320E-02-0.300137338E-02 0.765047218E-03 0.490073902E-02
 0.939411199E-02 0.142310060E-01 0.193947923E-01 0.248664607E-01 0.306246936E-01
 0.366459319E-01 0.429044313E-01 0.493723133E-01 0.560196097E-01 0.628143032E-01
 0.697223635E-01 0.767077800E-01 0.837325917E-01 0.907569145E-01 0.977389658E-01
 0.104635088E+00 0.111399767E+00 0.117985654E+00 0.124343583E+00 0.130422581E+00
 0.136169888E+00 0.141530969E+00 0.146449518E+00 0.150867476E+00 0.154725032E+00
 0.157960631E+00 0.160510978E+00 0.162311037E+00 0.163294036E+00 0.163391457E+00
 0.162533039E+00 0.160646765E+00 0.157658855E+00 0.153493752E+00 0.148074107E+00
 0.141320758E+00 0.133152711E+00 0.123487112E+00 0.112239219E+00 0.993223640E-01
 0.846479202E-01 0.681252561E-01 0.496616885E-01 0.291624306E-01 0.653053305E-02
-0.183331795E-01-0.455301780E-01-0.751643054E-01-0.107341860E+00-0.142171683E+00
-0.179765260E+00-0.220236821E+00-0.263703457E+00-0.310285240E+00-0.360105354E+00
-0.413290235E+00-0.469969719E+00-0.530277201E+00-0.594349810E+00-0.662328584E+00
-0.946784525E-02-0.650931976E-02-0.317140575E-02 0.539765064E-03 0.461522993E-02
 0.904333764E-02 0.138098675E-01 0.188981298E-01 0.242890515E-01 0.299612507E-01
 0.358911005E-01 0.420527864E-01 0.484183562E-01 0.549577647E-01 0.616389148E-01
 0.684276932E-01 0.752880044E-01 0.821818008E-01 0.890691108E-01 0.959080645E-01
 0.102654918E+00 0.109264074E+00 0.115688104E+00 0.121877767E+00 0.127782025E+00
 0.133348061E+00 0.138521292E+00 0.143245382E+00 0.147462255E+00 0.151112104E+00
 0.154133398E+00 0.156462890E+00 0.158035623E+00 0.158784932E+00 0.158642443E+00
 0.157538076E+00 0.155400037E+00 0.152154816E+00 0.147727176E+00 0.142040145E+00
 0.135014997E+00 0.126571237E+00 0.116626582E+00 0.105096934E+00 0.918963513E-01
 0.769370184E-01 0.601292071E-01 0.413812361E-01 0.205994241E-01-0.231196168E-02
-0.274507624E-01-0.549169908E-01-0.848129000E-01-0.117243059E+00-0.152314436E+00
-0.190136486E+00-0.230821248E+00-0.274483453E+00-0.321240633E+00-0.371213245E+00
-0.424524801E+00-0.481302008E+00-0.541674922E+00-0.605777102E+00-0.673745787E+00
-0.952912978E-02-0.662988799E-02-0.335714408E-02 0.282896268E-03 0.428119878E-02
 0.862604146E-02 0.133031321E-01 0.182957076E-01 0.235846189E-01 0.291484041E-01
 0.349633527E-01 0.410035621E-01 0.472409875E-01 0.536454872E-01 0.601848631E-01
 0.668248978E-01 0.735293886E-01 0.802601788E-01 0.869771868E-01 0.936384332E-01
 0.100200066E+00 0.106616383E+00 0.112839858E+00 0.118821157E+00 0.124509160E+00
 0.129850978E+00 0.134791974E+00 0.139275772E+00 0.143244280E+00 0.146637694E+00
 0.149394518E+00 0.151451569E+00 0.152743988E+00 0.153205247E+00 0.152767154E+00
 0.151359856E+00 0.148911843E+00 0.145349943E+00 0.140599322E+00 0.134583478E+00
 0.127224229E+00 0.118441707E+00 0.108154339E+00 0.962788326E-01 0.827301495E-01
 0.674214843E-01 0.502642333E-01 0.311679602E-01 0.100403576E-01-0.132127965E-01
-0.386876876E-01-0.664825196E-01-0.966975745E-01-0.129435279E+00-0.164800280E+00
-0.202899518E+00-0.243842323E+00-0.287740503E+00-0.334708450E+00-0.384863248E+00
-0.438324797E+00-0.495215941E+00-0.555662604E+00-0.619793942E+00-0.687742503E+00
-0.956908704E-02-0.674310473E-02-0.355051790E-02 0.238946303E-05 0.390650555E-02
 0.815002974E-02 0.127185886E-01 0.175953341E-01 0.227610271E-01 0.281941105E-01
 0.338707726E-01 0.397650030E-01 0.458486432E-01 0.520914316E-01 0.584610445E-01
 0.649231341E-01 0.714413631E-01 0.779774369E-01 0.844911344E-01 0.909403365E-01
 0.972810526E-01 0.103467447E+00 0.109451862E+00 0.115184845E+00 0.120615163E+00
 0.125689834E+00 0.130354138E+00 0.134551642E+00 0.138224215E+00 0.141312048E+00
 0.143753667E+00 0.145485949E+00 0.146444137E+00 0.146561849E+00 0.145771091E+00
 0.144002264E+00 0.141184174E+00 0.137244033E+00 0.132107465E+00 0.125698507E+00
 0.117939606E+00 0.108751613E+00 0.980537791E-01 0.857637444E-01 0.717975220E-01
 0.560694826E-01 0.384923330E-01 0.189770906E-01-0.256694596E-02-0.262322314E-01
-0.521130125E-01-0.803053732E-01-0.110907284E+00-0.144018658E+00-0.179741414E+00
-0.218179545E+00-0.259439190E+00-0.303628725E+00-0.350858846E+00-0.401242671E+00
-0.454895848E+00-0.511936670E+00-0.572486198E+00-0.636668402E+00-0.704610301E+00
-0.957937067E-02-0.684078625E-02-0.374347105E-02-0.293788462E-03 0.349906877E-02
 0.762321557E-02 0.120641889E-01 0.168050447E-01 0.218264403E-01 0.271067069E-01
 0.326219122E-01 0.383459167E-01 0.442504235E-01 0.503050240E-01 0.564772395E-01
 0.627325599E-01 0.690344789E-01 0.753445284E-01 0.816223098E-01 0.878255248E-01
 0.939100040E-01 0.998297351E-01 0.105536890E+00 0.110981851E+00 0.116113234E+00
 0.120877919E+00 0.125221065E+00 0.129086142E+00 0.132414947E+00 0.135147628E+00
 0.137222707E+00 0.138577095E+00 0.139146114E+00 0.138863514E+00 0.137661490E+00
 0.135470696E+00 0.132220261E+00 0.127837797E+00 0.122249413E+00 0.115379722E+00
 0.107151846E+00 0.974874204E-01 0.863065976E-01 0.735280417E-01 0.590689259E-01
 0.428449243E-01 0.247702005E-01 0.475739266E-02-0.172824057E-01-0.414396691E-01
-0.678064684E-01-0.964765031E-01-0.127545140E+00-0.161109458E+00-0.197268294E+00
-0.236122303E+00-0.277774018E+00-0.322327920E+00-0.369890514E+00-0.420570415E+00
-0.474478438E+00-0.531727700E+00-0.592433732E+00-0.656714593E+00-0.724691006E+00
-0.955193691E-02-0.691503613E-02-0.392821033E-02-0.597899617E-03 0.306662200E-02
 0.705338149E-02 0.113478195E-01 0.159328855E-01 0.207891198E-01 0.258947247E-01
 0.312256264E-01 0.367555317E-01 0.424559774E-01 0.482963764E-01 0.542440602E-01
 0.602643175E-01 0.663204321E-01 0.723737172E-01 0.783835496E-01 0.843074016E-01
 0.901008725E-01 0.957177193E-01 0.101109886E+00 0.106227535E+00 0.111019071E+00
 0.115431175E+00 0.119408830E+00 0.122895347E+00 0.125832394E+00 0.128160022E+00
 0.129816693E+00 0.130739302E+00 0.130863203E+00 0.130122236E+00 0.128448746E+00
 0.125773609E+00 0.122026251E+00 0.117134667E+00 0.111025442E+00 0.103623766E+00
 0.948534492E-01 0.846369347E-01 0.728953104E-01 0.595483164E-01 0.445143513E-01
 0.277104747E-01 0.905240713E-02-0.115454735E-01-0.341701391E-01-0.589099228E-01
-0.858545339E-01-0.115095078E+00-0.146724082E+00-0.180835524E+00-0.217524866E+00
-0.256889100E+00-0.299026792E+00-0.344038133E+00-0.392025008E+00-0.443091055E+00
-0.497341747E+00-0.554884473E+00-0.615828629E+00-0.680285723E+00-0.748369482E+00
-0.947933133E-02-0.695853522E-02-0.409749633E-02-0.902724276E-03 0.261642900E-02
 0.644790187E-02 0.105770337E-01 0.149866588E-01 0.196571866E-01 0.245666721E-01
 0.296908780E-01 0.350033297E-01 0.404753659E-01 0.460761846E-01 0.517728859E-01
 0.575305126E-01 0.633120878E-01 0.690786526E-01 0.747893003E-01 0.804012121E-01
 0.858696904E-01 0.911481922E-01 0.961883623E-01 0.100940066E+00 0.105351422E+00
 0.109368835E+00 0.112937028E+00 0.115999075E+00 0.118496431E+00 0.120368971E+00
 0.121555013E+00 0.121991358E+00 0.121613317E+00 0.120354742E+00 0.118148061E+00
 0.114924302E+00 0.110613129E+00 0.105142866E+00 0.984405235E-01 0.904318305E-01
 0.810412535E-01 0.701920228E-01 0.578061531E-01 0.438044633E-01 0.281065934E-01
 0.106310201E-01-0.870493178E-02-0.299850798E-01-0.532943776E-01-0.787189129E-01
-0.106345908E+00-0.136263727E+00-0.168561881E+00-0.203331049E+00-0.240663091E+00
-0.280651077E+00-0.323389316E+00-0.368973390E+00-0.417500202E+00-0.469068023E+00
-0.523776547E+00-0.581726960E+00-0.643022009E+00-0.707766085E+00-0.776065312E+00
-0.935503064E-02-0.696488718E-02-0.424498997E-02-0.120190560E-02 0.215494391E-02
 0.581341119E-02 0.975873213E-02 0.139736179E-01 0.184383342E-01 0.231307703E-01
 0.280265004E-01 0.330988387E-01 0.383188895E-01 0.436555942E-01 0.490757740E-01
 0.545441718E-01 0.600234917E-01 0.654744372E-01 0.708557488E-01 0.761242409E-01
 0.812348385E-01 0.861406138E-01 0.907928225E-01 0.951409406E-01 0.991327013E-01
 0.102714132E+00 0.105829593E+00 0.108421813E+00 0.110431930E+00 0.111799526E+00
 0.112462672E+00 0.112357960E+00 0.111420546E+00 0.109584188E+00 0.106781286E+00
 0.102942920E+00 0.979988867E-01 0.918777414E-01 0.845068327E-01 0.758123398E-01
 0.657193087E-01 0.541516862E-01 0.410323536E-01 0.262831584E-01 0.982494432E-02
-0.842242073E-02-0.285400188E-01-0.506098583E-01-0.747148539E-01-0.100938808E+00
-0.129366398E+00-0.160083163E+00-0.193175499E+00-0.228730657E+00-0.266836740E+00
-0.307582717E+00-0.351058427E+00-0.397354603E+00-0.446562892E+00-0.498775884E+00
-0.554087153E+00-0.612591292E+00-0.674383974E+00-0.739562003E+00-0.808223384E+00
-0.917385533E-02-0.692903518E-02-0.436567037E-02-0.149036538E-02 0.168740098E-02
 0.515540284E-02 0.889877354E-02 0.129000957E-01 0.171394790E-01 0.215946278E-01
 0.262409019E-01 0.310513711E-01 0.359968655E-01 0.410460219E-01 0.461653282E-01
 0.513191660E-01 0.564698508E-01 0.615776730E-01 0.666009370E-01 0.714960010E-01
 0.762173165E-01 0.807174680E-01 0.849472134E-01 0.888555248E-01 0.923896301E-01
 0.954950549E-01 0.981156658E-01 0.100193714E+00 0.101669878E+00 0.102483313E+00
 0.102571694E+00 0.101871259E+00 0.100316863E+00 0.978420226E-01 0.943789608E-01
 0.898586600E-01 0.842109081E-01 0.773643474E-01 0.692465227E-01 0.597839298E-01
 0.489020629E-01 0.365254615E-01 0.225777566E-01 0.698171613E-02-0.103407116E-01
-0.294683551E-01-0.504807790E-01-0.734582455E-01-0.984816774E-01-0.125632624E+00
-0.154993231E+00-0.186646210E+00-0.220674814E+00-0.257162818E+00-0.296194498E+00
-0.337854624E+00-0.382228444E+00-0.429401686E+00-0.479460557E+00-0.532491753E+00
-0.588582471E+00-0.647820430E+00-0.710293898E+00-0.776091728E+00-0.845303397E+00
-0.893247026E-02-0.684776706E-02-0.445634122E-02-0.176480813E-02 0.121731656E-02
 0.447774117E-02 0.800150163E-02 0.117710494E-01 0.157663272E-01 0.199648360E-01
 0.243416937E-01 0.288696902E-01 0.335193366E-01 0.382589124E-01 0.430545103E-01
 0.478700797E-01 0.526674686E-01 0.574064663E-01 0.620448444E-01 0.665383999E-01
 0.708409973E-01 0.749046121E-01 0.786793750E-01 0.821136172E-01 0.851539169E-01
 0.877451466E-01 0.898305218E-01 0.913516510E-01 0.922485870E-01 0.924598790E-01
 0.919226265E-01 0.905725339E-01 0.883439660E-01 0.851700054E-01 0.809825094E-01
 0.757121693E-01 0.692885687E-01 0.616402441E-01 0.526947441E-01 0.423786904E-01
 0.306178383E-01 0.173371363E-01 0.246078730E-02-0.140876928E-01-0.323854155E-01
-0.525100621E-01-0.745398263E-01-0.985533593E-01-0.124629715E+00-0.152848300E+00
-0.183288821E+00-0.216031239E+00-0.251155725E+00-0.288742618E+00-0.328872386E+00
-0.371625592E+00-0.417082866E+00-0.465324874E+00-0.516432300E+00-0.570485832E+00
-0.627566144E+00-0.687753899E+00-0.751129747E+00-0.817774332E+00-0.887768311E+00
-0.862999229E-02-0.672032794E-02-0.451624477E-02-0.202433259E-02 0.745884215E-03
 0.378206758E-02 0.706916647E-02 0.105895023E-01 0.143228430E-01 0.182464673E-01
 0.223352241E-01 0.265615847E-01 0.308956931E-01 0.353054130E-01 0.397563727E-01
 0.442120099E-01 0.486336149E-01 0.529803752E-01 0.572094190E-01 0.612758606E-01
 0.651328459E-01 0.687315999E-01 0.720214747E-01 0.749499998E-01 0.774629334E-01
 0.795043152E-01 0.810165220E-01 0.819403237E-01 0.822149418E-01 0.817781095E-01
 0.805661337E-01 0.785139579E-01 0.755552278E-01 0.716223578E-01 0.666465987E-01
 0.605581076E-01 0.532860180E-01 0.447585122E-01 0.349028934E-01 0.236456596E-01
 0.109125777E-01-0.337124146E-02-0.192812686E-01-0.368934805E-01-0.562842849E-01
-0.775304458E-01-0.100709009E+00-0.125897229E+00-0.153172497E+00-0.182612268E+00
-0.214293991E+00-0.248295045E+00-0.284692670E+00-0.323563901E+00-0.364985515E+00
-0.409033967E+00-0.455785337E+00-0.505315281E+00-0.557698986E+00-0.613011124E+00
-0.671325818E+00-0.732716610E+00-0.797256433E+00-0.865017593E+00-0.936071753E+00
-0.826872605E-02-0.654916142E-02-0.454780449E-02-0.227117162E-02 0.271242062E-03
 0.306707980E-02 0.610122078E-02 0.935586273E-02 0.128105935E-01 0.164424540E-01
 0.202259955E-01 0.241333314E-01 0.281341867E-01 0.321959450E-01 0.362836941E-01
 0.403602712E-01 0.443863080E-01 0.483202766E-01 0.521185357E-01 0.557353786E-01
 0.591230821E-01 0.622319580E-01 0.650104052E-01 0.674049649E-01 0.693603772E-01
 0.708196403E-01 0.717240720E-01 0.720133730E-01 0.716256929E-01 0.704976985E-01
 0.685646444E-01 0.657604452E-01 0.620177510E-01 0.572680243E-01 0.514416188E-01
 0.444678605E-01 0.362751310E-01 0.267909515E-01 0.159420694E-01 0.365454546E-02
-0.101461566E-01-0.255350807E-01-0.425876870E-01-0.613797603E-01-0.819873175E-01
-0.104486515E+00-0.128953557E+00-0.155464601E+00-0.184095664E+00-0.214922538E+00
-0.248020689E+00-0.283465175E+00-0.321330554E+00-0.361690798E+00-0.404619210E+00
-0.450188339E+00-0.498469903E+00-0.549534711E+00-0.603452590E+00-0.660292316E+00
-0.720121549E+00-0.783006772E+00-0.849013234E+00-0.918204901E+00-0.990644410E+00
-0.785505039E-02-0.634080185E-02-0.455751899E-02-0.251158317E-02-0.212410444E-03
 0.232766161E-02 0.509346783E-02 0.806709507E-02 0.112279510E-01 0.145528253E-01
 0.180159444E-01 0.215890232E-01 0.252413129E-01 0.289396481E-01 0.326484928E-01
 0.363299860E-01 0.399439886E-01 0.434481305E-01 0.467978593E-01 0.499464916E-01
 0.528452648E-01 0.554433924E-01 0.576881210E-01 0.595247904E-01 0.608968957E-01
 0.617461528E-01 0.620125666E-01 0.616345015E-01 0.605487557E-01 0.586906380E-01
 0.559940470E-01 0.523915538E-01 0.478144875E-01 0.421930232E-01 0.354562724E-01
 0.275323766E-01 0.183486033E-01 0.783144356E-02-0.409328687E-02-0.175003454E-01
-0.324649581E-01-0.490627132E-01-0.673694531E-01-0.874611654E-01-0.109413872E+00
-0.133303516E+00-0.159205852E+00-0.187196332E+00-0.217349989E+00-0.249741328E+00
-0.284444208E+00-0.321531733E+00-0.361076136E+00-0.403148671E+00-0.447819500E+00
-0.495157585E+00-0.545230584E+00-0.598104743E+00-0.653844796E+00-0.712513869E+00
-0.774173378E+00-0.838882944E+00-0.906700301E+00-0.977681217E+00-0.105187941E+01
-0.740048031E-02-0.610694255E-02-0.455703190E-02-0.275691702E-02-0.715870834E-03
 0.155383830E-02 0.403703663E-02 0.671572115E-02 0.956912552E-02 0.125737786E-01
 0.157035575E-01 0.189297374E-01 0.222210392E-01 0.255436750E-01 0.288613953E-01
 0.321355345E-01 0.353250593E-01 0.383866171E-01 0.412745879E-01 0.439411372E-01
 0.463362720E-01 0.484078999E-01 0.501018909E-01 0.513621419E-01 0.521306458E-01
 0.523475625E-01 0.519512941E-01 0.508785638E-01 0.490644979E-01 0.464427115E-01
 0.429453975E-01 0.385034196E-01 0.330464088E-01 0.265028622E-01 0.188002468E-01
 0.986510523E-02-0.376834384E-03-0.120005463E-01-0.250815913E-01-0.396959990E-01
-0.559201461E-01-0.738306335E-01-0.935041601E-01-0.115017395E+00-0.138446847E+00
-0.163868734E+00-0.191358847E+00-0.220992419E+00-0.252843985E+00-0.286987250E+00
-0.323494945E+00-0.362438697E+00-0.403888884E+00-0.447914503E+00-0.494583027E+00
-0.543960276E+00-0.596110273E+00-0.651095120E+00-0.708974855E+00-0.769807333E+00
-0.833648091E+00-0.900550225E+00-0.970564274E+00-0.104373810E+01-0.112011676E+01
-0.692293052E-02-0.586570611E-02-0.456440406E-02-0.302488354E-02-0.125619347E-02
 0.729531732E-03 0.291715786E-02 0.528862335E-02 0.782300186E-02 0.104965580E-01
 0.132827980E-01 0.161525181E-01 0.190738503E-01 0.220123080E-01 0.249308321E-01
 0.277898380E-01 0.305472637E-01 0.331586214E-01 0.355770501E-01 0.377533719E-01
 0.396361517E-01 0.411717600E-01 0.423044390E-01 0.429763734E-01 0.431277642E-01
 0.426969071E-01 0.416202751E-01 0.398326046E-01 0.372669865E-01 0.338549611E-01
 0.295266171E-01 0.242106953E-01 0.178346962E-01 0.103249915E-01 0.160694023E-02
-0.839499180E-02-0.197571079E-01-0.325563533E-01-0.468701833E-01-0.627764294E-01
-0.803531601E-01-0.996785397E-01-0.120830684E+00-0.143887511E+00-0.168926594E+00
-0.196025004E+00-0.225259158E+00-0.256704658E+00-0.290436135E+00-0.326527087E+00
-0.365049713E+00-0.406074753E+00-0.449671321E+00-0.495906741E+00-0.544846382E+00
-0.596553487E+00-0.651089014E+00-0.708511466E+00-0.768876733E+00-0.832237921E+00
-0.898645198E+00-0.968145631E+00-0.104078303E+01-0.111659780E+01-0.119562678E+01
-0.644820905E-02-0.564314512E-02-0.460561616E-02-0.334105278E-02-0.185817910E-02
-0.168913533E-03 0.171171240E-02 0.376562235E-02 0.597175409E-02 0.830611202E-02
 0.107418155E-01 0.132491445E-01 0.157955844E-01 0.183458705E-01 0.208620338E-01
 0.233034477E-01 0.256268780E-01 0.277865346E-01 0.297341272E-01 0.314189239E-01
 0.327878143E-01 0.337853762E-01 0.343539469E-01 0.344336986E-01 0.339627187E-01
 0.328770953E-01 0.311110062E-01 0.285968144E-01 0.252651672E-01 0.210451011E-01
 0.158641510E-01 0.964846536E-02 0.232292489E-02-0.618873253E-02-0.159637829E-01
-0.270803821E-01-0.396174273E-01-0.536544135E-01-0.692712860E-01-0.865482881E-01
-0.105565805E+00-0.126404202E+00-0.149143663E+00-0.173864019E+00-0.200644577E+00
-0.229563947E+00-0.260699861E+00-0.294128992E+00-0.329926770E+00-0.368167194E+00
-0.408922645E+00-0.452263694E+00-0.498258906E+00-0.546974650E+00-0.598474898E+00
-0.652821034E+00-0.710071652E+00-0.770282359E+00-0.833505580E+00-0.899790357E+00
-0.969182155E+00-0.104172266E+01-0.111744961E+01-0.119639655E+01-0.127859271E+01
-0.601177088E-02-0.547500335E-02-0.471633206E-02-0.374061388E-02-0.255612418E-02
-0.117446278E-02 0.389522406E-03 0.211779914E-02 0.398920586E-02 0.597950064E-02
 0.806140654E-02 0.102046549E-01 0.123760281E-01 0.145394030E-01 0.166557959E-01
 0.186834094E-01 0.205776826E-01 0.222913446E-01 0.237744719E-01 0.249745493E-01
 0.258365368E-01 0.263029400E-01 0.263138858E-01 0.258072039E-01 0.247185130E-01
 0.229813123E-01 0.205270798E-01 0.172853745E-01 0.131839457E-01 0.814884740E-02
 0.210455839E-02-0.502589158E-02-0.133207902E-01-0.228596049E-01-0.337228405E-01
-0.459918894E-01-0.597488786E-01-0.750765091E-01-0.920578917E-01-0.110776376E+00
-0.131315377E+00-0.153758190E+00-0.178187813E+00-0.204686751E+00-0.233336823E+00
-0.264218964E+00-0.297413024E+00-0.332997559E+00-0.371049619E+00-0.411644539E+00
-0.454855721E+00-0.500754407E+00-0.549409468E+00-0.600887168E+00-0.655250942E+00
-0.712561166E+00-0.772874926E+00-0.836245786E+00-0.902723553E+00-0.972354045E+00
-0.104517886E+01-0.112123513E+01-0.120055531E+01-0.128316692E+01-0.136909233E+01
-0.566076329E-02-0.540876921E-02-0.494395438E-02-0.427042671E-02-0.339586182E-02
-0.233141440E-02-0.109164688E-02 0.305529569E-03 0.183890569E-02 0.348401926E-02
 0.521319707E-02 0.699559546E-02 0.879724093E-02 0.105810719E-01 0.123069826E-01
 0.139318701E-01 0.154096843E-01 0.166914827E-01 0.177254897E-01 0.184571598E-01
 0.188292476E-01 0.187818823E-01 0.182526479E-01 0.171766704E-01 0.154867095E-01
 0.131132581E-01 0.998464733E-02 0.602715804E-02 0.116513900E-02-0.467886842E-02
-0.115839990E-01-0.196309260E-01-0.289017165E-01-0.394796808E-01-0.514492147E-01
-0.648956357E-01-0.799050131E-01-0.965639906E-01-0.114959604E+00-0.135179093E+00
-0.157309704E+00-0.181438491E+00-0.207652110E+00-0.236036604E+00-0.266677188E+00
-0.299658025E+00-0.335061997E+00-0.372970474E+00-0.413463076E+00-0.456617432E+00
-0.502508931E+00-0.551210476E+00-0.602792225E+00-0.657321339E+00-0.714861719E+00
-0.775473743E+00-0.839213999E+00-0.906135020E+00-0.976285009E+00-0.104970757E+01
-0.112644144E+01-0.120652021E+01-0.128997204E+01-0.137681940E+01-0.146707880E+01
-0.545639695E-02-0.550605517E-02-0.535000627E-02-0.499139929E-02-0.443712799E-02
-0.369774750E-02-0.278740837E-02-0.172380243E-02-0.528116884E-03 0.775006684E-03
 0.215751059E-02 0.358795844E-02 0.503157320E-02 0.645027706E-02 0.780273404E-02
 0.904439626E-02 0.101275544E-01 0.110013930E-01 0.116120509E-01 0.119026880E-01
 0.118135568E-01 0.112820815E-01 0.102429428E-01 0.862817011E-02 0.636724006E-02
 0.338718240E-02-0.387306918E-03-0.503374544E-02-0.106317366E-01-0.172628346E-01
-0.250104020E-01-0.339594598E-01-0.441965297E-01-0.558094700E-01-0.688873026E-01
-0.835200337E-01-0.997984671E-01-0.117814010E+00-0.137658470E+00-0.159423851E+00
-0.183202132E+00-0.209085050E+00-0.237163869E+00-0.267529143E+00-0.300270478E+00
-0.335476280E+00-0.373233504E+00-0.413627391E+00-0.456741204E+00-0.502655958E+00
-0.551450142E+00-0.603199435E+00-0.657976427E+00-0.715850321E+00-0.776886643E+00
-0.841146940E+00-0.908688481E+00-0.979563948E+00-0.105382113E+01-0.113150260E+01
-0.121264544E+01-0.129728085E+01-0.138543392E+01-0.147712325E+01-0.157236064E+01
-0.547667782E-02-0.584533864E-02-0.601287470E-02-0.598122668E-02-0.575628850E-02
-0.534782929E-02-0.476943275E-02-0.403844821E-02-0.317594959E-02-0.220669888E-02
-0.115911192E-02-0.652244175E-04 0.103934315E-02 0.211542317E-02 0.312034192E-02
 0.400796487E-02 0.472874700E-02 0.522978860E-02 0.545489719E-02 0.534465579E-02
 0.483649814E-02 0.386479088E-02 0.236092317E-02 0.253403944E-03-0.253203321E-02
-0.607231709E-02-0.104469180E-01-0.157377186E-01-0.220288767E-01-0.294066794E-01
-0.379593895E-01-0.477770825E-01-0.589514768E-01-0.715757536E-01-0.857443702E-01
-0.101552864E+00-0.119097648E+00-0.138475799E+00-0.159784837E+00-0.183122498E+00
-0.208586494E+00-0.236274273E+00-0.266282764E+00-0.298708120E+00-0.333645448E+00
-0.371188536E+00-0.411429574E+00-0.454458862E+00-0.500364517E+00-0.549232170E+00
-0.601144661E+00-0.656181721E+00-0.714419657E+00-0.775931022E+00-0.840784289E+00
-0.909043509E+00-0.980767977E+00-0.105601188E+01-0.113482397E+01-0.121724717E+01
-0.130331825E+01-0.139306745E+01-0.148651816E+01-0.158368648E+01-0.168458092E+01
-0.581953755E-02-0.652510160E-02-0.703095268E-02-0.733752844E-02-0.744946413E-02
-0.737551961E-02-0.712852397E-02-0.672533188E-02-0.618678754E-02-0.553769301E-02
-0.480677819E-02-0.402667076E-02-0.323386420E-02-0.246868286E-02-0.177524282E-02
-0.120140782E-02-0.798739507E-03-0.622441305E-03-0.731295509E-03-0.118759311E-02
-0.205705597E-02-0.340875108E-02-0.531499658E-02-0.785125929E-02-0.110960437E-01
-0.151307718E-01-0.200396548E-01-0.259095544E-01-0.328298364E-01-0.408922136E-01
-0.501905811E-01-0.608208401E-01-0.728807148E-01-0.864695577E-01-0.101688147E+00
-0.118638474E+00-0.137423522E+00-0.158147034E+00-0.180913275E+00-0.205826780E+00
-0.232992098E+00-0.262513523E+00-0.294494821E+00-0.329038943E+00-0.366247732E+00
-0.406221624E+00-0.449059335E+00-0.494857546E+00-0.543710579E+00-0.595710058E+00
-0.650944576E+00-0.709499341E+00-0.771455826E+00-0.836891403E+00-0.905878982E+00
-0.978486629E+00-0.105477719E+01-0.113480791E+01-0.121863004E+01-0.130628842E+01
-0.139782112E+01-0.149325899E+01-0.159262530E+01-0.169593528E+01-0.180319573E+01
-0.660640125E-02-0.766740819E-02-0.852621947E-02-0.918142394E-02-0.963609293E-02
-0.989771179E-02-0.997812963E-02-0.989352086E-02-0.966435433E-02-0.931536652E-02
-0.887553619E-02-0.837805834E-02-0.786031584E-02-0.736384738E-02-0.693431067E-02
-0.662143992E-02-0.647899691E-02-0.656471485E-02-0.694023481E-02-0.767103386E-02
-0.882634484E-02-0.104790673E-01-0.127056692E-01-0.155860796E-01-0.192035712E-01
-0.236446336E-01-0.289988366E-01-0.353586833E-01-0.428194530E-01-0.514790341E-01
-0.614377465E-01-0.727981538E-01-0.856648651E-01-0.100144326E+00-0.116344601E+00
-0.134375142E+00-0.154346549E+00-0.176370322E+00-0.200558599E+00-0.227023886E+00
-0.255878775E+00-0.287235658E+00-0.321206419E+00-0.357902133E+00-0.397432737E+00
-0.439906708E+00-0.485430719E+00-0.534109297E+00-0.586044460E+00-0.641335353E+00
-0.700077879E+00-0.762364309E+00-0.828282895E+00-0.897917472E+00-0.971347050E+00
-0.104864540E+01-0.112988064E+01-0.121511478E+01-0.130440335E+01-0.139779487E+01
-0.149533049E+01-0.159704348E+01-0.170295880E+01-0.181309264E+01-0.192745191E+01
-0.798623376E-02-0.942196110E-02-0.106482998E-01-0.116615865E-01-0.124629707E-01
-0.130583507E-01-0.134583272E-01-0.136781706E-01-0.137377950E-01-0.136617362E-01
-0.134791316E-01-0.132236982E-01-0.129337079E-01-0.126519593E-01-0.124257428E-01
-0.123068006E-01-0.123512785E-01-0.126196703E-01-0.131767535E-01-0.140915167E-01
-0.154370765E-01-0.172905857E-01-0.197331310E-01-0.228496203E-01-0.267286599E-01
-0.314624204E-01-0.371464924E-01-0.438797304E-01-0.517640860E-01-0.609044298E-01
-0.714083619E-01-0.833860109E-01-0.969498217E-01-0.112214332E+00-0.129295935E+00
-0.148312637E+00-0.169383794E+00-0.192629845E+00-0.218172034E+00-0.246132108E+00
-0.276632026E+00-0.309793635E+00-0.345738348E+00-0.384586805E+00-0.426458532E+00
-0.471471573E+00-0.519742130E+00-0.571384179E+00-0.626509082E+00-0.685225190E+00
-0.747637430E+00-0.813846889E+00-0.883950385E+00-0.958040030E+00-0.103620279E+01
-0.111852000E+01-0.120506697E+01-0.129591242E+01-0.139111808E+01-0.149073816E+01
-0.159481888E+01-0.170339795E+01-0.181650407E+01-0.193415642E+01-0.205636413E+01
-0.101401071E-01-0.119706797E-01-0.135790448E-01-0.149588188E-01-0.161088126E-01
-0.170329706E-01-0.177403289E-01-0.182449862E-01-0.185660836E-01-0.187277877E-01
-0.187592746E-01-0.186947131E-01-0.185732444E-01-0.184389562E-01-0.183408521E-01
-0.183328129E-01-0.184735503E-01-0.188265518E-01-0.194600165E-01-0.204467808E-01
-0.218642340E-01-0.237942236E-01-0.263229486E-01-0.295408427E-01-0.335424453E-01
-0.384262607E-01-0.442946057E-01-0.512534452E-01-0.594122149E-01-0.688836328E-01
-0.797834967E-01-0.922304709E-01-0.106345859E+00-0.122253366E+00-0.140078845E+00
-0.159950031E+00-0.181996270E+00-0.206348223E+00-0.233137567E+00-0.262496679E+00
-0.294558311E+00-0.329455248E+00-0.367319959E+00-0.408284231E+00-0.452478793E+00
-0.500032932E+00-0.551074087E+00-0.605727444E+00-0.664115512E+00-0.726357684E+00
-0.792569800E+00-0.862863686E+00-0.937346689E+00-0.101612120E+01-0.109928416E+01
-0.118692658E+01-0.127913302E+01-0.137598107E+01-0.147754084E+01-0.158387441E+01
-0.169503530E+01-0.181106789E+01-0.193200691E+01-0.205787684E+01-0.218869133E+01
-0.132863336E-01-0.155328441E-01-0.175376794E-01-0.192911948E-01-0.207893798E-01
-0.220337983E-01-0.230315499E-01-0.237952453E-01-0.243429904E-01-0.246983745E-01
-0.248904592E-01-0.249537662E-01-0.249282610E-01-0.248593314E-01-0.247977597E-01
-0.247996866E-01-0.249265665E-01-0.252451137E-01-0.258272381E-01-0.267499703E-01
-0.280953756E-01-0.299504561E-01-0.324070413E-01-0.355616659E-01-0.395154355E-01
-0.443738793E-01-0.502467897E-01-0.572480490E-01-0.654954426E-01-0.751104587E-01
-0.862180748E-01-0.989465299E-01-0.113427084E+00-0.129793763E+00-0.148183089E+00
-0.168733801E+00-0.191586554E+00-0.216883615E+00-0.244768532E+00-0.275385804E+00
-0.308880525E+00-0.345398019E+00-0.385083466E+00-0.428081506E+00-0.474535837E+00
-0.524588795E+00-0.578380923E+00-0.636050528E+00-0.697733223E+00-0.763561459E+00
-0.833664040E+00-0.908165632E+00-0.987186256E+00-0.107084077E+01-0.115923834E+01
-0.125248189E+01-0.135066757E+01-0.145388418E+01-0.156221259E+01-0.167572517E+01
-0.179448519E+01-0.191854622E+01-0.204795151E+01-0.218273339E+01-0.232291259E+01
-0.176862117E-01-0.203708525E-01-0.227865624E-01-0.249198142E-01-0.267632191E-01
-0.283154663E-01-0.295812862E-01-0.305714293E-01-0.313026543E-01-0.317977211E-01
-0.320853842E-01-0.322003855E-01-0.321834422E-01-0.320812292E-01-0.319463551E-01
-0.318373284E-01-0.318185153E-01-0.319600870E-01-0.323379558E-01-0.330336997E-01
-0.341344752E-01-0.357329168E-01-0.379270246E-01-0.408200371E-01-0.445202923E-01
-0.491410729E-01-0.548004390E-01-0.616210459E-01-0.697299472E-01-0.792583836E-01
-0.903415573E-01-0.103118391E+00-0.117731271E+00-0.134325781E+00-0.153050410E+00
-0.174056256E+00-0.197496710E+00-0.223527125E+00-0.252304467E+00-0.283986961E+00
-0.318733710E+00-0.356704303E+00-0.398058417E+00-0.442955390E+00-0.491553787E+00
-0.544010957E+00-0.600482559E+00-0.661122094E+00-0.726080405E+00-0.795505178E+00
-0.869540415E+00-0.948325907E+00-0.103199668E+01-0.112068245E+01-0.121450702E+01
-0.131358773E+01-0.141803484E+01-0.152795092E+01-0.164343021E+01-0.176455803E+01
-0.189141010E+01-0.202405188E+01-0.216253794E+01-0.230691124E+01-0.245720244E+01
-0.236504312E-01-0.267966385E-01-0.296376072E-01-0.321552170E-01-0.343380615E-01
-0.361813859E-01-0.376870501E-01-0.388635101E-01-0.397258094E-01-0.402955759E-01
-0.406010205E-01-0.406769335E-01-0.405646779E-01-0.403121754E-01-0.399738860E-01
-0.396107773E-01-0.392902848E-01-0.390862604E-01-0.390789096E-01-0.393547158E-01
-0.400063517E-01-0.411325773E-01-0.428381238E-01-0.452335628E-01-0.484351614E-01
-0.525647217E-01-0.577494060E-01-0.641215454E-01-0.718184336E-01-0.809821046E-01
-0.917590947E-01-0.104300188E+00-0.118760147E+00-0.135297423E+00-0.154073860E+00
-0.175254367E+00-0.199006589E+00-0.225500553E+00-0.254908299E+00-0.287403496E+00
-0.323161045E+00-0.362356656E+00-0.405166418E+00-0.451766349E+00-0.502331935E+00
-0.557037639E+00-0.616056416E+00-0.679559190E+00-0.747714334E+00-0.820687121E+00
-0.898639165E+00-0.981727854E+00-0.107010575E+01-0.116392000E+01-0.126331171E+01
-0.136841530E+01-0.147935789E+01-0.159625860E+01-0.171922792E+01-0.184836699E+01
-0.198376692E+01-0.212550806E+01-0.227365929E+01-0.242827728E+01-0.258940574E+01
-0.315461906E-01-0.351788004E-01-0.384594147E-01-0.413645098E-01-0.438779320E-01
-0.459908294E-01-0.477016141E-01-0.490159437E-01-0.499467155E-01-0.505140669E-01
-0.507453775E-01-0.506752709E-01-0.503456113E-01-0.498054943E-01-0.491112298E-01
-0.483263148E-01-0.475213963E-01-0.467742214E-01-0.461695754E-01-0.457992065E-01
-0.457617365E-01-0.461625564E-01-0.471137077E-01-0.487337482E-01-0.511476011E-01
-0.544863894E-01-0.588872526E-01-0.644931477E-01-0.714526332E-01-0.799196351E-01
-0.900531978E-01-0.102017215E+00-0.115980147E+00-0.132114714E+00-0.150597581E+00
-0.171609017E+00-0.195332538E+00-0.221954540E+00-0.251663901E+00-0.284651577E+00
-0.321110174E+00-0.361233505E+00-0.405216129E+00-0.453252872E+00-0.505538326E+00
-0.562266346E+00-0.623629506E+00-0.689818562E+00-0.761021881E+00-0.837424859E+00
-0.919209326E+00-0.100655293E+01-0.109962849E+01-0.119860339E+01-0.130363886E+01
-0.141488935E+01-0.153250178E+01-0.165661487E+01-0.178735843E+01-0.192485256E+01
-0.206920693E+01-0.222052004E+01-0.237887838E+01-0.254435567E+01-0.271701204E+01
-0.418050748E-01-0.459504922E-01-0.496851675E-01-0.529792544E-01-0.558110211E-01
-0.581667737E-01-0.600408143E-01-0.614354214E-01-0.623608449E-01-0.628353095E-01
-0.628850202E-01-0.625441675E-01-0.618549288E-01-0.608674631E-01-0.596398972E-01
-0.582383026E-01-0.567366601E-01-0.552168130E-01-0.537684059E-01-0.524888097E-01
-0.514830318E-01-0.508636105E-01-0.507504933E-01-0.512708987E-01-0.525591616E-01
-0.547565605E-01-0.580111279E-01-0.624774425E-01-0.683164035E-01-0.756949865E-01
-0.847859812E-01-0.957677097E-01-0.108823728E+00-0.124142504E+00-0.141917087E+00
-0.162344741E+00-0.185626579E+00-0.211967161E+00-0.241574084E+00-0.274657549E+00
-0.311429905E+00-0.352105186E+00-0.396898610E+00-0.446026080E+00-0.499703649E+00
-0.558146978E+00-0.621570766E+00-0.690188169E+00-0.764210196E+00-0.843845087E+00
-0.929297677E+00-0.102076873E+01-0.111845428E+01-0.122254492E+01-0.133322510E+01
-0.145067240E+01-0.157505678E+01-0.170653982E+01-0.184527394E+01-0.199140162E+01
-0.214505456E+01-0.230635288E+01-0.247540426E+01-0.265230310E+01-0.283712961E+01
 0.000000000E+00 0.000000000E+00 0.000000000E+00 0.000000000E+00 0.000000000E+00
 0.000000000E+00 0.000000000E+00 0.000000000E+00 0.000000000E+00 0.000000000E+00
 0.000000000E+00 0.000000000E+00 0.000000000E+00 0.000000000E+00 0.000000000E+00
 0.000000000E+00 0.000000000E+00 0.000000000E+00 0.000000000E+00 0.000000000E+00
 0.000000000E+00 0.000000000E+00 0.000000000E+00 0.000000000E+00 0.000000000E+00
 0.000000000E+00 0.000000000E+00 0.000000000E+00 0.000000000E+00 0.000000000E+00
 0.000000000E+00 0.000000000E+00 0.000000000E+00 0.000000000E+00 0.000000000E+00
 0.000000000E+00 0.000000000E+00 0.000000000E+00 0.000000000E+00 0.000000000E+00
 0.000000000E+00 0.000000000E+00 0.000000000E+00 0.000000000E+00 0.000000000E+00
 0.000000000E+00 0.000000000E+00 0.000000000E+00 0.000000000E+00 0.000000000E+00
 0.000000000E+00 0.000000000E+00 0.000000000E+00 0.000000000E+00 0.000000000E+00
 0.000000000E+00 0.000000000E+00 0.000000000E+00 0.000000000E+00 0.000000000E+00
 0.000000000E+00 0.000000000E+00 0.000000000E+00 0.000000000E+00 0.000000000E+00
    1   33
 0.000000000E+00 0.000000000E+00
 0.314999998E+00 0.000000000E+00 0.314999998E+00 0.104999995E+01 0.414999992E+00
 0.126999998E+01 0.414999992E+00 0.157799995E+01 0.435000002E+00 0.162339997E+01
 0.571200013E+00 0.162339997E+01 0.616999984E+00 0.162800002E+01 0.104330003E+01
 0.146028745E+01 0.104330003E+01 0.142999995E+01 0.131920004E+01 0.103970003E+01
 0.133580005E+01 0.997600019E+00 0.148510003E+01 0.545000017E+00 0.148899996E+01
 0.490000009E+00 0.156379998E+01 0.114100002E+00 0.157000005E+01 0.763600022E-01
 0.157369995E+01 0.382610001E-01 0.157500005E+01 0.000000000E+00 0.157369995E+01
-0.382610001E-01 0.157000005E+01-0.763600022E-01 0.156379998E+01-0.114100002E+00
 0.148899996E+01-0.490000009E+00 0.148510003E+01-0.545000017E+00 0.133580005E+01
-0.997600019E+00 0.131920004E+01-0.103970003E+01 0.104330003E+01-0.142999995E+01
 0.104330003E+01-0.146028745E+01 0.616999984E+00-0.162800002E+01 0.571200013E+00
-0.162339997E+01 0.435000002E+00-0.162339997E+01 0.414999992E+00-0.157799995E+01
 0.414999992E+00-0.126999998E+01 0.314999998E+00-0.104999995E+01 0.314999998E+00
 0.000000000E+00
